# #num_label, rad (km), a (AU), e, i (deg), q (AU), Q (AU)
1.576000000000000000e+04 1.680000000000000000e+02 4.370000000000000284e+01 7.000000000000000666e-02 2.000000000000000000e+00 4.079999999999999716e+01 4.660000000000000142e+01
1.578800000000000000e+04 1.170000000000000000e+02 3.910000000000000142e+01 3.200000000000000067e-01 2.000000000000000000e+00 2.669999999999999929e+01 5.150000000000000000e+01
1.578900000000000000e+04 3.980000000000000000e+02 3.939999999999999858e+01 1.900000000000000022e-01 5.000000000000000000e+00 3.200000000000000000e+01 4.670000000000000284e+01
1.580700000000000000e+04 1.470000000000000000e+02 4.400000000000000000e+01 5.999999999999999778e-02 1.000000000000000000e+00 4.129999999999999716e+01 4.670000000000000284e+01
1.580900000000000000e+04 1.220000000000000000e+02 4.250000000000000000e+01 2.200000000000000011e-01 1.400000000000000000e+01 3.310000000000000142e+01 5.189999999999999858e+01
1.581000000000000000e+04 1.280000000000000000e+02 3.960000000000000142e+01 1.199999999999999956e-01 4.000000000000000000e+00 3.479999999999999716e+01 4.450000000000000000e+01
1.582000000000000000e+04 9.100000000000000000e+01 3.920000000000000284e+01 3.099999999999999978e-01 1.200000000000000000e+01 2.700000000000000000e+01 5.150000000000000000e+01
1.583600000000000000e+04 1.280000000000000000e+02 3.650000000000000000e+01 7.000000000000000666e-02 7.000000000000000000e+00 3.379999999999999716e+01 3.920000000000000284e+01
1.587400000000000000e+04 3.390000000000000000e+02 8.259999999999999432e+01 5.799999999999999600e-01 2.400000000000000000e+01 3.500000000000000000e+01 1.300000000000000000e+02
1.587500000000000000e+04 1.540000000000000000e+02 3.920000000000000284e+01 3.300000000000000155e-01 6.000000000000000000e+00 2.630000000000000071e+01 5.200000000000000000e+01
1.588300000000000000e+04 1.680000000000000000e+02 4.710000000000000142e+01 2.099999999999999922e-01 1.900000000000000000e+01 3.720000000000000284e+01 5.700000000000000000e+01
1.668400000000000000e+04 1.850000000000000000e+02 4.439999999999999858e+01 5.999999999999999778e-02 4.000000000000000000e+00 4.200000000000000000e+01 4.689999999999999858e+01
1.925500000000000000e+04 1.760000000000000000e+02 4.260000000000000142e+01 4.000000000000000083e-02 2.000000000000000000e+00 4.110000000000000142e+01 4.410000000000000142e+01
1.929900000000000000e+04 1.170000000000000000e+02 3.929999999999999716e+01 2.500000000000000000e-01 5.000000000000000000e+00 2.939999999999999858e+01 4.929999999999999716e+01
1.930800000000000000e+04 4.090000000000000000e+02 4.320000000000000284e+01 1.199999999999999956e-01 2.800000000000000000e+01 3.789999999999999858e+01 4.850000000000000000e+01
1.952100000000000000e+04 6.000000000000000000e+02 4.550000000000000000e+01 1.000000000000000056e-01 1.200000000000000000e+01 4.100000000000000000e+01 5.010000000000000142e+01
2.000000000000000000e+04 6.780000000000000000e+02 4.289999999999999858e+01 5.000000000000000278e-02 1.700000000000000000e+01 4.070000000000000284e+01 4.510000000000000142e+01
2.010800000000000000e+04 1.280000000000000000e+02 3.929999999999999716e+01 1.499999999999999944e-01 2.000000000000000000e+01 3.360000000000000142e+01 4.500000000000000000e+01
2.016100000000000000e+04 1.400000000000000000e+02 4.770000000000000284e+01 4.000000000000000222e-01 1.200000000000000000e+01 2.860000000000000142e+01 6.670000000000000284e+01
2.483500000000000000e+04 7.010000000000000000e+02 4.160000000000000142e+01 1.000000000000000056e-01 2.700000000000000000e+01 3.739999999999999858e+01 4.579999999999999716e+01
2.495200000000000000e+04 1.340000000000000000e+02 3.920000000000000284e+01 2.200000000000000011e-01 1.700000000000000000e+01 3.050000000000000000e+01 4.789999999999999858e+01
2.497800000000000000e+04 1.400000000000000000e+02 4.360000000000000142e+01 5.000000000000000278e-02 2.000000000000000000e+00 4.139999999999999858e+01 4.589999999999999858e+01
2.618100000000000000e+04 2.620000000000000000e+02 9.509999999999999432e+01 5.999999999999999778e-01 1.300000000000000000e+01 3.829999999999999716e+01 1.520000000000000000e+02
2.630800000000000000e+04 2.680000000000000000e+02 4.739999999999999858e+01 3.699999999999999956e-01 1.400000000000000000e+01 2.980000000000000071e+01 6.500000000000000000e+01
2.637500000000000000e+04 4.610000000000000000e+02 5.579999999999999716e+01 4.199999999999999845e-01 8.000000000000000000e+00 3.239999999999999858e+01 7.909999999999999432e+01
2.897800000000000000e+04 6.170000000000000000e+02 3.970000000000000284e+01 2.399999999999999911e-01 2.000000000000000000e+01 3.010000000000000142e+01 4.929999999999999716e+01
2.998100000000000000e+04 1.040000000000000000e+02 9.500000000000000000e+01 8.699999999999999956e-01 6.000000000000000000e+00 1.230000000000000071e+01 1.780000000000000000e+02
3.292900000000000000e+04 6.600000000000000000e+01 3.939999999999999858e+01 2.600000000000000089e-01 5.000000000000000000e+00 2.919999999999999929e+01 4.970000000000000284e+01
3.300100000000000000e+04 2.800000000000000000e+02 4.350000000000000000e+01 4.000000000000000083e-02 2.000000000000000000e+00 4.170000000000000284e+01 4.520000000000000284e+01
3.312800000000000000e+04 2.130000000000000000e+02 3.329999999999999716e+01 3.800000000000000044e-01 1.400000000000000000e+01 2.060000000000000142e+01 4.600000000000000000e+01
3.334000000000000000e+04 3.980000000000000000e+02 3.910000000000000142e+01 2.500000000000000000e-01 3.000000000000000000e+00 2.939999999999999858e+01 4.889999999999999858e+01
3.567100000000000000e+04 3.930000000000000000e+02 3.779999999999999716e+01 4.000000000000000083e-02 5.000000000000000000e+00 3.620000000000000284e+01 3.929999999999999716e+01
3.808300000000000000e+04 1.680000000000000000e+02 3.920000000000000284e+01 1.499999999999999944e-01 1.300000000000000000e+01 3.329999999999999716e+01 4.510000000000000142e+01
3.808400000000000000e+04 1.760000000000000000e+02 5.639999999999999858e+01 4.199999999999999845e-01 1.300000000000000000e+01 3.260000000000000142e+01 8.029999999999999716e+01
3.862800000000000000e+04 4.060000000000000000e+02 3.979999999999999716e+01 2.800000000000000266e-01 1.600000000000000000e+01 2.850000000000000000e+01 5.110000000000000142e+01
4.031400000000000000e+04 2.540000000000000000e+02 4.929999999999999716e+01 3.099999999999999978e-01 2.500000000000000000e+01 3.400000000000000000e+01 6.459999999999999432e+01
4.230100000000000000e+04 6.710000000000000000e+02 5.129999999999999716e+01 2.899999999999999800e-01 1.000000000000000000e+00 3.670000000000000284e+01 6.600000000000000000e+01
4.235500000000000000e+04 1.620000000000000000e+02 3.820000000000000284e+01 5.400000000000000355e-01 2.000000000000000000e+00 1.760000000000000142e+01 5.879999999999999716e+01
4.459400000000000000e+04 1.510000000000000000e+02 3.210000000000000142e+01 4.500000000000000111e-01 3.000000000000000000e+00 1.760000000000000142e+01 4.660000000000000142e+01
4.580200000000000000e+04 1.110000000000000000e+02 4.350000000000000000e+01 1.000000000000000021e-02 1.000000000000000000e+00 4.289999999999999858e+01 4.410000000000000142e+01
4.717100000000000000e+04 2.860000000000000000e+02 3.920000000000000284e+01 2.200000000000000011e-01 8.000000000000000000e+00 3.060000000000000142e+01 4.789999999999999858e+01
4.793200000000000000e+04 1.470000000000000000e+02 3.979999999999999716e+01 2.899999999999999800e-01 1.100000000000000000e+01 2.830000000000000071e+01 5.120000000000000284e+01
4.863900000000000000e+04 1.760000000000000000e+02 5.220000000000000284e+01 2.399999999999999911e-01 0.000000000000000000e+00 3.989999999999999858e+01 6.450000000000000000e+01
4.967300000000000000e+04 1.280000000000000000e+02 4.310000000000000142e+01 1.000000000000000056e-01 2.300000000000000000e+01 3.870000000000000284e+01 4.750000000000000000e+01
5.000000000000000000e+04 1.070000000000000000e+03 4.360000000000000142e+01 4.000000000000000083e-02 8.000000000000000000e+00 4.200000000000000000e+01 4.529999999999999716e+01
5.274700000000000000e+04 1.170000000000000000e+02 4.470000000000000284e+01 5.999999999999999778e-02 1.000000000000000000e+00 4.189999999999999858e+01 4.750000000000000000e+01
5.331100000000000000e+04 2.120000000000000000e+02 4.439999999999999858e+01 7.000000000000000666e-02 0.000000000000000000e+00 4.150000000000000000e+01 4.739999999999999858e+01
5.452000000000000000e+04 1.110000000000000000e+02 1.250000000000000000e+02 7.700000000000000178e-01 6.000000000000000000e+00 2.860000000000000142e+01 2.210000000000000000e+02
5.556500000000000000e+04 7.680000000000000000e+02 4.729999999999999716e+01 1.300000000000000044e-01 2.400000000000000000e+01 4.110000000000000142e+01 5.360000000000000142e+01
5.563600000000000000e+04 2.860000000000000000e+02 4.310000000000000142e+01 1.199999999999999956e-01 2.600000000000000000e+01 3.770000000000000284e+01 4.839999999999999858e+01
5.563700000000000000e+04 6.650000000000000000e+02 4.250000000000000000e+01 1.400000000000000133e-01 2.000000000000000000e+01 3.650000000000000000e+01 4.839999999999999858e+01
5.563800000000000000e+04 2.500000000000000000e+02 3.910000000000000142e+01 2.899999999999999800e-01 1.600000000000000000e+01 2.800000000000000000e+01 5.020000000000000284e+01
5.853400000000000000e+04 8.200000000000000000e+01 4.539999999999999858e+01 1.199999999999999956e-01 3.000000000000000000e+00 4.000000000000000000e+01 5.079999999999999716e+01
5.935800000000000000e+04 1.850000000000000000e+02 4.150000000000000000e+01 2.099999999999999922e-01 1.000000000000000000e+01 3.289999999999999858e+01 5.010000000000000142e+01
6.045400000000000000e+04 2.320000000000000000e+02 4.460000000000000142e+01 8.999999999999999667e-02 1.000000000000000000e+00 4.060000000000000142e+01 4.860000000000000142e+01
6.045800000000000000e+04 2.020000000000000000e+02 5.989999999999999858e+01 4.099999999999999756e-01 2.000000000000000000e+01 3.539999999999999858e+01 8.440000000000000568e+01
6.060800000000000000e+04 1.170000000000000000e+02 4.989999999999999858e+01 5.500000000000000444e-01 6.000000000000000000e+00 2.260000000000000142e+01 7.709999999999999432e+01
6.062000000000000000e+04 2.120000000000000000e+02 4.420000000000000284e+01 2.300000000000000100e-01 2.000000000000000000e+01 3.420000000000000284e+01 5.420000000000000284e+01
6.062100000000000000e+04 1.850000000000000000e+02 5.579999999999999716e+01 4.099999999999999756e-01 6.000000000000000000e+00 3.320000000000000284e+01 7.850000000000000000e+01
6.548900000000000000e+04 2.230000000000000000e+02 1.020000000000000000e+02 8.299999999999999600e-01 2.200000000000000000e+01 1.789999999999999858e+01 1.870000000000000000e+02
6.645200000000000000e+04 1.850000000000000000e+02 4.500000000000000000e+01 7.000000000000000666e-02 3.000000000000000000e+00 4.189999999999999858e+01 4.800000000000000000e+01
6.665200000000000000e+04 1.260000000000000000e+02 4.370000000000000284e+01 8.999999999999999667e-02 1.000000000000000000e+00 3.979999999999999716e+01 4.760000000000000142e+01
6.998600000000000000e+04 1.110000000000000000e+02 3.929999999999999716e+01 2.200000000000000011e-01 1.400000000000000000e+01 3.050000000000000000e+01 4.800000000000000000e+01
6.998700000000000000e+04 1.680000000000000000e+02 4.229999999999999716e+01 2.000000000000000042e-02 1.000000000000000000e+00 4.139999999999999858e+01 4.320000000000000284e+01
6.998800000000000000e+04 1.470000000000000000e+02 5.479999999999999716e+01 4.299999999999999933e-01 1.000000000000000000e+01 3.139999999999999858e+01 7.829999999999999716e+01
6.999000000000000000e+04 1.060000000000000000e+02 3.910000000000000142e+01 1.799999999999999933e-01 7.000000000000000000e+00 3.189999999999999858e+01 4.620000000000000284e+01
7.348000000000000000e+04 1.120000000000000000e+02 3.080000000000000071e+01 5.699999999999999512e-01 1.700000000000000000e+01 1.330000000000000071e+01 4.839999999999999858e+01
7.680300000000000000e+04 1.540000000000000000e+02 3.860000000000000142e+01 1.300000000000000044e-01 3.400000000000000000e+01 3.379999999999999716e+01 4.350000000000000000e+01
7.879900000000000000e+04 5.650000000000000000e+02 3.739999999999999858e+01 2.500000000000000000e-01 1.400000000000000000e+01 2.800000000000000000e+01 4.679999999999999716e+01
7.936000000000000000e+04 2.490000000000000000e+02 4.389999999999999858e+01 1.000000000000000021e-02 2.000000000000000000e+00 4.329999999999999716e+01 4.450000000000000000e+01
7.996900000000000000e+04 1.470000000000000000e+02 3.510000000000000142e+01 8.999999999999999667e-02 3.000000000000000000e+00 3.210000000000000142e+01 3.810000000000000142e+01
7.997800000000000000e+04 3.210000000000000000e+02 5.389999999999999858e+01 2.700000000000000178e-01 1.900000000000000000e+01 3.920000000000000284e+01 6.870000000000000284e+01
7.998300000000000000e+04 3.060000000000000000e+02 4.660000000000000142e+01 1.499999999999999944e-01 1.000000000000000000e+01 3.979999999999999716e+01 5.350000000000000000e+01
8.080600000000000000e+04 2.120000000000000000e+02 4.229999999999999716e+01 5.999999999999999778e-02 4.000000000000000000e+00 3.960000000000000142e+01 4.489999999999999858e+01
8.207500000000000000e+04 2.160000000000000000e+02 5.779999999999999716e+01 2.899999999999999800e-01 2.000000000000000000e+01 4.120000000000000284e+01 7.440000000000000568e+01
8.215500000000000000e+04 2.670000000000000000e+02 8.720000000000000284e+01 6.300000000000000044e-01 1.300000000000000000e+01 3.239999999999999858e+01 1.420000000000000000e+02
8.215700000000000000e+04 1.850000000000000000e+02 3.879999999999999716e+01 5.999999999999999778e-02 5.000000000000000000e+00 3.639999999999999858e+01 4.120000000000000284e+01
8.215800000000000000e+04 3.320000000000000000e+02 2.270000000000000000e+02 8.499999999999999778e-01 3.100000000000000000e+01 3.429999999999999716e+01 4.190000000000000000e+02
8.452200000000000000e+04 5.840000000000000000e+02 5.500000000000000000e+01 2.899999999999999800e-01 3.500000000000000000e+01 3.900000000000000000e+01 7.100000000000000000e+01
8.471900000000000000e+04 4.480000000000000000e+02 3.929999999999999716e+01 2.700000000000000178e-01 1.400000000000000000e+01 2.889999999999999858e+01 4.970000000000000284e+01
8.492200000000000000e+04 5.230000000000000000e+02 3.920000000000000284e+01 7.000000000000000666e-02 1.500000000000000000e+01 3.639999999999999858e+01 4.210000000000000142e+01
8.562700000000000000e+04 1.470000000000000000e+02 4.429999999999999716e+01 8.999999999999999667e-02 2.000000000000000000e+00 4.029999999999999716e+01 4.839999999999999858e+01
8.563300000000000000e+04 2.020000000000000000e+02 4.350000000000000000e+01 2.999999999999999889e-02 1.000000000000000000e+00 4.229999999999999716e+01 4.479999999999999716e+01
8.604700000000000000e+04 1.930000000000000000e+02 4.389999999999999858e+01 1.700000000000000122e-01 2.400000000000000000e+01 3.629999999999999716e+01 5.150000000000000000e+01
8.617700000000000000e+04 2.630000000000000000e+02 4.510000000000000142e+01 2.300000000000000100e-01 2.200000000000000000e+01 3.450000000000000000e+01 5.570000000000000284e+01
8.726900000000000000e+04 6.400000000000000000e+01 5.120000000000000000e+02 9.599999999999999645e-01 2.000000000000000000e+01 2.069999999999999929e+01 1.002000000000000000e+03
8.755500000000000000e+04 9.200000000000000000e+01 3.489999999999999858e+01 5.699999999999999512e-01 7.000000000000000000e+00 1.519999999999999929e+01 5.460000000000000142e+01
8.826700000000000000e+04 1.610000000000000000e+02 4.329999999999999716e+01 2.999999999999999889e-02 1.000000000000000000e+00 4.220000000000000284e+01 4.429999999999999716e+01
8.826800000000000000e+04 2.430000000000000000e+02 4.279999999999999716e+01 2.000000000000000042e-02 2.000000000000000000e+00 4.189999999999999858e+01 4.360000000000000142e+01
8.861100000000000000e+04 1.780000000000000000e+02 4.400000000000000000e+01 2.999999999999999889e-02 3.000000000000000000e+00 4.270000000000000284e+01 4.529999999999999716e+01
9.037700000000000000e+04 9.950000000000000000e+02 4.820000000000000000e+02 8.399999999999999689e-01 1.200000000000000000e+01 7.609999999999999432e+01 8.880000000000000000e+02
9.048200000000000000e+04 9.100000000000000000e+02 3.939999999999999858e+01 2.200000000000000011e-01 2.100000000000000000e+01 3.069999999999999929e+01 4.810000000000000142e+01
9.056800000000000000e+04 6.800000000000000000e+02 4.229999999999999716e+01 8.000000000000000167e-02 2.200000000000000000e+01 3.879999999999999716e+01 4.570000000000000284e+01
9.113300000000000000e+04 1.340000000000000000e+02 3.970000000000000284e+01 2.300000000000000100e-01 6.000000000000000000e+00 3.039999999999999858e+01 4.900000000000000000e+01
9.120500000000000000e+04 1.110000000000000000e+02 3.910000000000000142e+01 1.300000000000000044e-01 1.100000000000000000e+01 3.400000000000000000e+01 4.420000000000000284e+01
9.155400000000000000e+04 1.220000000000000000e+02 1.020000000000000000e+02 6.999999999999999556e-01 2.600000000000000000e+01 3.089999999999999858e+01 1.720000000000000000e+02
9.562500000000000000e+04 1.470000000000000000e+02 5.370000000000000284e+01 3.800000000000000044e-01 1.400000000000000000e+01 3.310000000000000142e+01 7.429999999999999716e+01
1.182280000000000000e+05 1.850000000000000000e+02 3.920000000000000284e+01 1.199999999999999956e-01 1.500000000000000000e+01 3.460000000000000142e+01 4.379999999999999716e+01
1.183780000000000000e+05 1.340000000000000000e+02 4.410000000000000142e+01 1.199999999999999956e-01 5.000000000000000000e+00 3.889999999999999858e+01 4.939999999999999858e+01
1.183790000000000000e+05 1.340000000000000000e+02 4.570000000000000284e+01 2.399999999999999911e-01 1.500000000000000000e+01 3.489999999999999858e+01 5.639999999999999858e+01
1.186980000000000000e+05 1.010000000000000000e+02 4.370000000000000284e+01 2.300000000000000100e-01 1.100000000000000000e+01 3.360000000000000142e+01 5.379999999999999716e+01
1.187020000000000000e+05 1.930000000000000000e+02 9.809999999999999432e+01 5.999999999999999778e-01 2.300000000000000000e+01 3.910000000000000142e+01 1.570000000000000000e+02
1.190660000000000000e+05 1.930000000000000000e+02 4.400000000000000000e+01 8.000000000000000167e-02 7.000000000000000000e+00 4.039999999999999858e+01 4.760000000000000142e+01
1.190670000000000000e+05 2.120000000000000000e+02 4.379999999999999716e+01 1.900000000000000022e-01 7.000000000000000000e+00 3.550000000000000000e+01 5.220000000000000284e+01
1.190680000000000000e+05 2.020000000000000000e+02 5.570000000000000284e+01 3.599999999999999867e-01 1.300000000000000000e+01 3.539999999999999858e+01 7.600000000000000000e+01
1.190690000000000000e+05 1.680000000000000000e+02 3.939999999999999858e+01 2.399999999999999911e-01 2.000000000000000000e+00 2.980000000000000071e+01 4.900000000000000000e+01
1.190700000000000000e+05 1.760000000000000000e+02 4.400000000000000000e+01 1.799999999999999933e-01 3.000000000000000000e+00 3.600000000000000000e+01 5.200000000000000000e+01
1.194730000000000000e+05 1.220000000000000000e+02 3.939999999999999858e+01 2.800000000000000266e-01 4.000000000000000000e+00 2.830000000000000071e+01 5.050000000000000000e+01
1.198780000000000000e+05 2.670000000000000000e+02 5.400000000000000000e+01 3.499999999999999778e-01 1.600000000000000000e+01 3.529999999999999716e+01 7.270000000000000284e+01
1.199510000000000000e+05 4.550000000000000000e+02 3.900000000000000000e+01 4.000000000000000083e-02 0.000000000000000000e+00 3.739999999999999858e+01 4.070000000000000284e+01
1.199560000000000000e+05 2.670000000000000000e+02 4.350000000000000000e+01 1.799999999999999933e-01 4.000000000000000000e+00 3.579999999999999716e+01 5.120000000000000284e+01
1.199790000000000000e+05 5.250000000000000000e+02 4.770000000000000284e+01 2.600000000000000089e-01 9.000000000000000000e+00 3.520000000000000284e+01 6.010000000000000142e+01
1.201320000000000000e+05 4.600000000000000000e+02 4.979999999999999716e+01 2.500000000000000000e-01 1.200000000000000000e+01 3.710000000000000142e+01 6.250000000000000000e+01
1.201780000000000000e+05 7.350000000000000000e+02 4.320000000000000284e+01 1.100000000000000006e-01 2.700000000000000000e+01 3.850000000000000000e+01 4.789999999999999858e+01
1.201810000000000000e+05 1.360000000000000000e+02 3.220000000000000284e+01 1.700000000000000122e-01 3.000000000000000000e+00 2.680000000000000071e+01 3.760000000000000142e+01
1.202160000000000000e+05 2.910000000000000000e+02 3.979999999999999716e+01 3.200000000000000067e-01 2.900000000000000000e+01 2.700000000000000000e+01 5.260000000000000142e+01
1.203470000000000000e+05 8.540000000000000000e+02 4.189999999999999858e+01 1.100000000000000006e-01 2.400000000000000000e+01 3.729999999999999716e+01 4.660000000000000142e+01
1.203480000000000000e+05 3.650000000000000000e+02 3.870000000000000284e+01 7.000000000000000666e-02 2.500000000000000000e+01 3.620000000000000284e+01 4.120000000000000284e+01
1.235090000000000000e+05 1.060000000000000000e+02 4.420000000000000284e+01 4.000000000000000083e-02 2.000000000000000000e+00 4.229999999999999716e+01 4.610000000000000142e+01
1.261540000000000000e+05 3.450000000000000000e+02 4.229999999999999716e+01 1.400000000000000133e-01 1.100000000000000000e+01 3.639999999999999858e+01 4.820000000000000284e+01
1.261550000000000000e+05 1.540000000000000000e+02 3.929999999999999716e+01 2.899999999999999800e-01 6.000000000000000000e+00 2.789999999999999858e+01 5.070000000000000284e+01
1.266190000000000000e+05 1.610000000000000000e+02 7.200000000000000000e+01 4.699999999999999734e-01 1.600000000000000000e+01 3.810000000000000142e+01 1.060000000000000000e+02
1.267190000000000000e+05 2.120000000000000000e+02 4.739999999999999858e+01 2.000000000000000111e-01 1.000000000000000000e+00 3.800000000000000000e+01 5.679999999999999716e+01
1.275460000000000000e+05 1.640000000000000000e+02 6.729999999999999716e+01 6.899999999999999467e-01 7.800000000000000000e+01 2.100000000000000000e+01 1.140000000000000000e+02
1.278710000000000000e+05 1.760000000000000000e+02 3.510000000000000142e+01 8.999999999999999667e-02 2.000000000000000000e+00 3.210000000000000142e+01 3.810000000000000142e+01
1.297460000000000000e+05 9.300000000000000000e+01 3.970000000000000284e+01 2.800000000000000266e-01 2.000000000000000000e+00 2.880000000000000071e+01 5.060000000000000142e+01
1.297720000000000000e+05 1.610000000000000000e+02 4.400000000000000000e+01 4.000000000000000083e-02 3.000000000000000000e+00 4.220000000000000284e+01 4.579999999999999716e+01
1.303910000000000000e+05 1.110000000000000000e+02 4.789999999999999858e+01 2.899999999999999800e-01 2.300000000000000000e+01 3.420000000000000284e+01 6.160000000000000142e+01
1.313180000000000000e+05 1.220000000000000000e+02 3.970000000000000284e+01 1.799999999999999933e-01 1.400000000000000000e+01 3.260000000000000142e+01 4.679999999999999716e+01
1.316950000000000000e+05 1.280000000000000000e+02 3.720000000000000284e+01 5.000000000000000278e-02 4.000000000000000000e+00 3.529999999999999716e+01 3.910000000000000142e+01
1.316960000000000000e+05 1.470000000000000000e+02 5.300000000000000000e+01 3.200000000000000067e-01 1.000000000000000000e+00 3.589999999999999858e+01 7.000000000000000000e+01
1.316970000000000000e+05 1.010000000000000000e+02 3.500000000000000000e+01 8.000000000000000167e-02 3.000000000000000000e+00 3.229999999999999716e+01 3.760000000000000142e+01
1.330670000000000000e+05 1.930000000000000000e+02 3.989999999999999858e+01 2.600000000000000089e-01 9.000000000000000000e+00 2.950000000000000000e+01 5.020000000000000284e+01
1.342100000000000000e+05 1.930000000000000000e+02 6.189999999999999858e+01 3.900000000000000133e-01 7.000000000000000000e+00 3.760000000000000142e+01 8.620000000000000284e+01
1.343400000000000000e+05 2.377000000000000000e+03 3.979999999999999716e+01 2.500000000000000000e-01 1.700000000000000000e+01 2.969999999999999929e+01 4.989999999999999858e+01
1.345680000000000000e+05 1.060000000000000000e+02 4.350000000000000000e+01 1.499999999999999944e-01 1.000000000000000000e+01 3.710000000000000142e+01 4.989999999999999858e+01
1.348600000000000000e+05 1.380000000000000000e+02 4.279999999999999716e+01 2.000000000000000042e-02 1.000000000000000000e+00 4.179999999999999716e+01 4.379999999999999716e+01
1.350240000000000000e+05 1.850000000000000000e+02 4.400000000000000000e+01 1.100000000000000006e-01 2.000000000000000000e+00 3.920000000000000284e+01 4.879999999999999716e+01
1.351820000000000000e+05 1.590000000000000000e+02 3.689999999999999858e+01 2.000000000000000042e-02 2.000000000000000000e+00 3.620000000000000284e+01 3.770000000000000284e+01
1.355710000000000000e+05 1.610000000000000000e+02 5.600000000000000000e+01 3.599999999999999867e-01 1.500000000000000000e+01 3.589999999999999858e+01 7.609999999999999432e+01
1.357420000000000000e+05 1.540000000000000000e+02 4.360000000000000142e+01 1.300000000000000044e-01 5.000000000000000000e+00 3.810000000000000142e+01 4.920000000000000284e+01
1.361080000000000000e+05 1.595000000000000000e+03 4.329999999999999716e+01 1.900000000000000022e-01 2.800000000000000000e+01 3.510000000000000142e+01 5.160000000000000142e+01
1.361200000000000000e+05 1.170000000000000000e+02 6.300000000000000000e+01 4.899999999999999911e-01 2.000000000000000000e+01 3.250000000000000000e+01 9.359999999999999432e+01
1.361990000000000000e+05 2.326000000000000000e+03 6.770000000000000284e+01 4.400000000000000022e-01 4.400000000000000000e+01 3.779999999999999716e+01 9.750000000000000000e+01
1.364720000000000000e+05 1.430000000000000000e+03 4.570000000000000284e+01 1.600000000000000033e-01 2.900000000000000000e+01 3.860000000000000142e+01 5.279999999999999716e+01
1.372940000000000000e+05 2.220000000000000000e+02 4.489999999999999858e+01 1.100000000000000006e-01 1.000000000000000000e+00 4.000000000000000000e+01 4.979999999999999716e+01
1.372950000000000000e+05 1.470000000000000000e+02 4.729999999999999716e+01 2.899999999999999800e-01 1.300000000000000000e+01 3.360000000000000142e+01 6.089999999999999858e+01
1.385370000000000000e+05 1.640000000000000000e+02 4.639999999999999858e+01 1.400000000000000133e-01 5.000000000000000000e+00 4.000000000000000000e+01 5.279999999999999716e+01
1.386280000000000000e+05 1.680000000000000000e+02 4.460000000000000142e+01 2.700000000000000178e-01 1.600000000000000000e+01 3.270000000000000284e+01 5.650000000000000000e+01
1.397750000000000000e+05 1.930000000000000000e+02 3.920000000000000284e+01 1.900000000000000022e-01 7.000000000000000000e+00 3.169999999999999929e+01 4.660000000000000142e+01
1.436850000000000000e+05 1.220000000000000000e+02 3.629999999999999716e+01 2.300000000000000100e-01 6.000000000000000000e+00 2.789999999999999858e+01 4.470000000000000284e+01
1.437070000000000000e+05 3.210000000000000000e+02 5.510000000000000142e+01 4.099999999999999756e-01 8.000000000000000000e+00 3.239999999999999858e+01 7.779999999999999716e+01
1.437510000000000000e+05 8.400000000000000000e+01 4.189999999999999858e+01 2.500000000000000000e-01 8.000000000000000000e+00 3.150000000000000000e+01 5.239999999999999858e+01
1.439910000000000000e+05 2.930000000000000000e+02 4.439999999999999858e+01 1.400000000000000133e-01 1.900000000000000000e+01 3.839999999999999858e+01 5.050000000000000000e+01
1.448970000000000000e+05 3.980000000000000000e+02 3.879999999999999716e+01 4.000000000000000083e-02 1.000000000000000000e+01 3.720000000000000284e+01 4.050000000000000000e+01
1.454510000000000000e+05 5.840000000000000000e+02 8.959999999999999432e+01 6.099999999999999867e-01 2.900000000000000000e+01 3.510000000000000142e+01 1.440000000000000000e+02
1.454520000000000000e+05 6.790000000000000000e+02 4.150000000000000000e+01 2.000000000000000042e-02 1.900000000000000000e+01 4.060000000000000142e+01 4.239999999999999858e+01
1.454530000000000000e+05 7.020000000000000000e+02 4.300000000000000000e+01 1.400000000000000133e-01 2.900000000000000000e+01 3.720000000000000284e+01 4.889999999999999858e+01
1.454740000000000000e+05 2.670000000000000000e+02 9.109999999999999432e+01 6.400000000000000133e-01 1.600000000000000000e+01 3.300000000000000000e+01 1.490000000000000000e+02
1.454800000000000000e+05 3.720000000000000000e+02 7.550000000000000000e+01 3.900000000000000133e-01 2.700000000000000000e+01 4.620000000000000284e+01 1.050000000000000000e+02
1.481120000000000000e+05 1.680000000000000000e+02 4.379999999999999716e+01 4.000000000000000083e-02 1.000000000000000000e+00 4.189999999999999858e+01 4.560000000000000142e+01
1.482090000000000000e+05 2.430000000000000000e+02 2.210000000000000000e+02 8.000000000000000444e-01 2.300000000000000000e+01 4.429999999999999716e+01 3.980000000000000000e+02
1.487800000000000000e+05 2.460000000000000000e+02 4.400000000000000000e+01 5.999999999999999778e-02 5.000000000000000000e+00 4.120000000000000284e+01 4.689999999999999858e+01
1.493480000000000000e+05 2.430000000000000000e+02 4.479999999999999716e+01 1.199999999999999956e-01 3.000000000000000000e+00 3.950000000000000000e+01 5.020000000000000284e+01
1.493490000000000000e+05 2.220000000000000000e+02 4.210000000000000142e+01 2.399999999999999911e-01 7.000000000000000000e+00 3.200000000000000000e+01 5.210000000000000142e+01
1.495600000000000000e+05 1.060000000000000000e+02 4.150000000000000000e+01 4.799999999999999822e-01 3.500000000000000000e+01 2.169999999999999929e+01 6.139999999999999858e+01
1.506420000000000000e+05 2.930000000000000000e+02 4.529999999999999716e+01 1.199999999999999956e-01 1.000000000000000000e+01 3.979999999999999716e+01 5.089999999999999858e+01
1.600910000000000000e+05 1.930000000000000000e+02 4.500000000000000000e+01 1.100000000000000006e-01 2.000000000000000000e+00 4.000000000000000000e+01 5.010000000000000142e+01
1.601470000000000000e+05 2.120000000000000000e+02 4.410000000000000142e+01 1.000000000000000056e-01 3.000000000000000000e+00 3.989999999999999858e+01 4.829999999999999716e+01
1.601480000000000000e+05 1.220000000000000000e+02 7.070000000000000284e+01 5.100000000000000089e-01 1.500000000000000000e+01 3.439999999999999858e+01 1.070000000000000000e+02
1.602560000000000000e+05 2.430000000000000000e+02 4.279999999999999716e+01 5.999999999999999778e-02 5.000000000000000000e+00 4.020000000000000284e+01 4.550000000000000000e+01
1.687000000000000000e+05 9.700000000000000000e+01 3.970000000000000284e+01 2.399999999999999911e-01 5.000000000000000000e+00 3.030000000000000071e+01 4.910000000000000142e+01
1.687030000000000000e+05 2.800000000000000000e+02 4.010000000000000142e+01 8.000000000000000167e-02 5.000000000000000000e+00 3.679999999999999716e+01 4.339999999999999858e+01
1.690710000000000000e+05 1.110000000000000000e+02 3.960000000000000142e+01 2.000000000000000111e-01 6.000000000000000000e+00 3.180000000000000071e+01 4.750000000000000000e+01
1.745670000000000000e+05 7.050000000000000000e+02 4.600000000000000000e+01 1.400000000000000133e-01 2.200000000000000000e+01 3.960000000000000142e+01 5.250000000000000000e+01
1.751130000000000000e+05 4.680000000000000000e+02 3.900000000000000000e+01 7.000000000000000666e-02 1.300000000000000000e+01 3.629999999999999716e+01 4.160000000000000142e+01
1.817080000000000000e+05 1.760000000000000000e+02 4.410000000000000142e+01 5.999999999999999778e-02 8.000000000000000000e+00 4.160000000000000142e+01 4.650000000000000000e+01
1.818550000000000000e+05 1.540000000000000000e+02 4.579999999999999716e+01 1.799999999999999933e-01 2.900000000000000000e+01 3.760000000000000142e+01 5.400000000000000000e+01
1.818670000000000000e+05 1.470000000000000000e+02 5.279999999999999716e+01 2.899999999999999800e-01 6.000000000000000000e+00 3.760000000000000142e+01 6.809999999999999432e+01
1.818680000000000000e+05 1.340000000000000000e+02 4.979999999999999716e+01 2.999999999999999889e-01 1.700000000000000000e+01 3.510000000000000142e+01 6.450000000000000000e+01
1.818710000000000000e+05 1.470000000000000000e+02 4.370000000000000284e+01 8.000000000000000167e-02 1.000000000000000000e+00 4.010000000000000142e+01 4.729999999999999716e+01
1.818740000000000000e+05 1.760000000000000000e+02 5.320000000000000284e+01 2.600000000000000089e-01 1.700000000000000000e+01 3.929999999999999716e+01 6.709999999999999432e+01
1.819020000000000000e+05 1.470000000000000000e+02 1.210000000000000000e+02 6.899999999999999467e-01 2.600000000000000000e+01 3.750000000000000000e+01 2.050000000000000000e+02
1.822220000000000000e+05 1.930000000000000000e+02 4.339999999999999858e+01 1.000000000000000056e-01 6.000000000000000000e+00 3.920000000000000284e+01 4.770000000000000284e+01
1.822230000000000000e+05 1.400000000000000000e+02 5.810000000000000142e+01 3.800000000000000044e-01 2.000000000000000000e+01 3.600000000000000000e+01 8.020000000000000284e+01
1.822940000000000000e+05 2.120000000000000000e+02 4.539999999999999858e+01 1.700000000000000122e-01 1.100000000000000000e+01 3.770000000000000284e+01 5.310000000000000142e+01
1.823970000000000000e+05 2.930000000000000000e+02 5.170000000000000284e+01 2.399999999999999911e-01 1.700000000000000000e+01 3.939999999999999858e+01 6.400000000000000000e+01
1.829260000000000000e+05 1.540000000000000000e+02 4.600000000000000000e+01 1.499999999999999944e-01 2.000000000000000000e+00 3.910000000000000142e+01 5.300000000000000000e+01
1.829330000000000000e+05 2.320000000000000000e+02 5.100000000000000000e+01 2.500000000000000000e-01 1.000000000000000000e+00 3.839999999999999858e+01 6.360000000000000142e+01
1.829340000000000000e+05 4.160000000000000000e+02 4.460000000000000142e+01 1.100000000000000006e-01 1.200000000000000000e+01 3.970000000000000284e+01 4.939999999999999858e+01
1.835950000000000000e+05 2.020000000000000000e+02 4.439999999999999858e+01 1.000000000000000056e-01 2.000000000000000000e+00 3.979999999999999716e+01 4.900000000000000000e+01
1.839630000000000000e+05 1.930000000000000000e+02 4.460000000000000142e+01 1.100000000000000006e-01 2.000000000000000000e+00 3.979999999999999716e+01 4.939999999999999858e+01
1.839640000000000000e+05 1.470000000000000000e+02 5.329999999999999716e+01 3.900000000000000133e-01 1.100000000000000000e+01 3.270000000000000284e+01 7.390000000000000568e+01
1.842120000000000000e+05 1.610000000000000000e+02 1.070000000000000000e+02 6.700000000000000400e-01 1.500000000000000000e+01 3.529999999999999716e+01 1.780000000000000000e+02
1.843140000000000000e+05 2.430000000000000000e+02 4.550000000000000000e+01 1.499999999999999944e-01 6.000000000000000000e+00 3.889999999999999858e+01 5.210000000000000142e+01
2.024210000000000000e+05 4.980000000000000000e+02 4.320000000000000284e+01 1.499999999999999944e-01 2.600000000000000000e+01 3.670000000000000284e+01 4.960000000000000142e+01
2.089960000000000000e+05 7.720000000000000000e+02 3.950000000000000000e+01 1.799999999999999933e-01 1.400000000000000000e+01 3.229999999999999716e+01 4.660000000000000142e+01
2.250880000000000000e+05 1.535000000000000000e+03 6.720000000000000284e+01 5.100000000000000089e-01 3.100000000000000000e+01 3.329999999999999716e+01 1.010000000000000000e+02
2.297620000000000000e+05 6.380000000000000000e+02 7.290000000000000568e+01 4.899999999999999911e-01 2.300000000000000000e+01 3.750000000000000000e+01 1.080000000000000000e+02
2.309650000000000000e+05 3.390000000000000000e+02 4.689999999999999858e+01 2.399999999999999911e-01 3.800000000000000000e+01 3.550000000000000000e+01 5.839999999999999858e+01
2.410970000000000000e+05 2.700000000000000000e+01 4.100000000000000000e+01 7.800000000000000266e-01 1.600000000000000000e+01 9.099999999999999645e+00 7.290000000000000568e+01
2.758090000000000000e+05 1.690000000000000000e+02 4.389999999999999858e+01 8.999999999999999667e-02 2.000000000000000000e+00 4.010000000000000142e+01 4.770000000000000284e+01
2.783610000000000000e+05 5.580000000000000000e+02 4.839999999999999858e+01 1.700000000000000122e-01 1.200000000000000000e+01 4.039999999999999858e+01 5.639999999999999858e+01
3.037120000000000000e+05 2.550000000000000000e+02 4.410000000000000142e+01 1.100000000000000006e-01 1.000000000000000000e+00 3.950000000000000000e+01 4.879999999999999716e+01
3.037750000000000000e+05 4.160000000000000000e+02 1.120000000000000000e+02 6.700000000000000400e-01 1.400000000000000000e+01 3.679999999999999716e+01 1.860000000000000000e+02
3.055430000000000000e+05 3.520000000000000000e+02 6.170000000000000284e+01 4.000000000000000222e-01 2.500000000000000000e+01 3.679999999999999716e+01 8.670000000000000284e+01
3.067920000000000000e+05 1.610000000000000000e+02 3.979999999999999716e+01 1.600000000000000033e-01 1.600000000000000000e+01 3.339999999999999858e+01 4.610000000000000142e+01
3.072510000000000000e+05 3.190000000000000000e+02 4.710000000000000142e+01 2.099999999999999922e-01 1.000000000000000000e+01 3.739999999999999858e+01 5.679999999999999716e+01
3.072610000000000000e+05 9.340000000000000000e+02 4.189999999999999858e+01 1.400000000000000133e-01 1.800000000000000000e+01 3.610000000000000142e+01 4.779999999999999716e+01
3.074630000000000000e+05 2.530000000000000000e+02 3.900000000000000000e+01 2.099999999999999922e-01 1.000000000000000000e+00 3.080000000000000071e+01 4.729999999999999716e+01
3.076160000000000000e+05 4.430000000000000000e+02 4.360000000000000142e+01 7.000000000000000666e-02 1.000000000000000000e+01 4.039999999999999858e+01 4.689999999999999858e+01
3.079820000000000000e+05 4.860000000000000000e+02 9.070000000000000284e+01 5.999999999999999778e-01 1.600000000000000000e+01 3.639999999999999858e+01 1.450000000000000000e+02
3.081930000000000000e+05 5.580000000000000000e+02 4.350000000000000000e+01 1.499999999999999944e-01 2.900000000000000000e+01 3.710000000000000142e+01 4.979999999999999716e+01
3.083790000000000000e+05 4.430000000000000000e+02 4.760000000000000142e+01 2.000000000000000111e-01 1.000000000000000000e+01 3.820000000000000284e+01 5.710000000000000142e+01
3.084600000000000000e+05 1.540000000000000000e+02 3.470000000000000284e+01 5.999999999999999778e-02 2.000000000000000000e+00 3.250000000000000000e+01 3.689999999999999858e+01
3.086340000000000000e+05 2.430000000000000000e+02 4.350000000000000000e+01 1.000000000000000056e-01 8.000000000000000000e+00 3.900000000000000000e+01 4.789999999999999858e+01
3.089330000000000000e+05 1.220000000000000000e+02 8.170000000000000000e+02 9.699999999999999734e-01 2.000000000000000000e+01 2.410000000000000142e+01 1.611000000000000000e+03
3.092390000000000000e+05 2.470000000000000000e+02 3.019999999999999929e+01 2.999999999999999889e-01 3.600000000000000000e+01 2.110000000000000142e+01 3.929999999999999716e+01
3.100710000000000000e+05 1.100000000000000000e+02 3.019999999999999929e+01 5.699999999999999512e-01 2.000000000000000000e+01 1.300000000000000000e+01 4.739999999999999858e+01
3.126450000000000000e+05 3.860000000000000000e+02 4.800000000000000000e+01 3.099999999999999978e-01 1.900000000000000000e+01 3.310000000000000142e+01 6.300000000000000000e+01
3.155300000000000000e+05 5.090000000000000000e+02 4.179999999999999716e+01 1.400000000000000133e-01 2.700000000000000000e+01 3.600000000000000000e+01 4.750000000000000000e+01
3.161790000000000000e+05 1.680000000000000000e+02 3.080000000000000071e+01 3.099999999999999978e-01 1.900000000000000000e+01 2.110000000000000142e+01 4.039999999999999858e+01
3.367560000000000000e+05 5.200000000000000000e+01 3.030000000000000000e+02 9.699999999999999734e-01 1.410000000000000000e+02 9.400000000000000355e+00 5.960000000000000000e+02
3.415200000000000000e+05 1.020000000000000000e+02 3.900000000000000000e+01 2.600000000000000089e-01 1.100000000000000000e+01 2.880000000000000071e+01 4.920000000000000284e+01
3.532220000000000000e+05 4.900000000000000000e+01 1.220000000000000000e+02 8.900000000000000133e-01 3.100000000000000000e+01 1.340000000000000036e+01 2.310000000000000000e+02
3.633300000000000000e+05 3.520000000000000000e+02 4.379999999999999716e+01 5.000000000000000278e-02 3.000000000000000000e+00 4.189999999999999858e+01 4.579999999999999716e+01
3.634010000000000000e+05 2.020000000000000000e+02 4.600000000000000000e+01 1.400000000000000133e-01 2.000000000000000000e+00 3.970000000000000284e+01 5.229999999999999716e+01
3.641710000000000000e+05 1.220000000000000000e+02 4.510000000000000142e+01 8.999999999999999667e-02 4.000000000000000000e+00 4.110000000000000142e+01 4.900000000000000000e+01
3.851850000000000000e+05 9.300000000000000000e+01 3.900000000000000000e+01 1.900000000000000022e-01 4.000000000000000000e+00 3.139999999999999858e+01 4.660000000000000142e+01
3.851910000000000000e+05 1.610000000000000000e+02 4.120000000000000284e+01 2.999999999999999889e-02 1.300000000000000000e+01 4.000000000000000000e+01 4.239999999999999858e+01
3.851940000000000000e+05 2.220000000000000000e+02 4.339999999999999858e+01 5.000000000000000278e-02 1.000000000000000000e+00 4.139999999999999858e+01 4.550000000000000000e+01
3.851990000000000000e+05 1.930000000000000000e+02 4.529999999999999716e+01 5.000000000000000278e-02 2.000000000000000000e+00 4.329999999999999716e+01 4.739999999999999858e+01
3.852010000000000000e+05 2.020000000000000000e+02 4.300000000000000000e+01 8.000000000000000167e-02 1.200000000000000000e+01 3.970000000000000284e+01 4.629999999999999716e+01
3.852660000000000000e+05 1.960000000000000000e+02 4.260000000000000142e+01 1.000000000000000056e-01 2.000000000000000000e+00 3.839999999999999858e+01 4.670000000000000284e+01
3.853620000000000000e+05 2.320000000000000000e+02 4.620000000000000284e+01 1.400000000000000133e-01 4.000000000000000000e+00 3.960000000000000142e+01 5.279999999999999716e+01
3.853630000000000000e+05 2.550000000000000000e+02 4.479999999999999716e+01 7.000000000000000666e-02 4.000000000000000000e+00 4.150000000000000000e+01 4.810000000000000142e+01
3.854370000000000000e+05 1.780000000000000000e+02 4.450000000000000000e+01 8.999999999999999667e-02 1.000000000000000000e+00 4.070000000000000284e+01 4.829999999999999716e+01
3.854450000000000000e+05 1.930000000000000000e+02 3.950000000000000000e+01 1.499999999999999944e-01 4.000000000000000000e+00 3.350000000000000000e+01 4.539999999999999858e+01
3.854460000000000000e+05 1.600000000000000000e+02 4.360000000000000142e+01 1.100000000000000006e-01 3.000000000000000000e+00 3.879999999999999716e+01 4.850000000000000000e+01
3.854470000000000000e+05 2.120000000000000000e+02 4.379999999999999716e+01 2.999999999999999889e-02 5.000000000000000000e+00 4.250000000000000000e+01 4.510000000000000142e+01
3.854580000000000000e+05 2.120000000000000000e+02 4.579999999999999716e+01 1.700000000000000122e-01 5.000000000000000000e+00 3.810000000000000142e+01 5.339999999999999858e+01
3.855270000000000000e+05 1.340000000000000000e+02 4.389999999999999858e+01 2.399999999999999911e-01 4.000000000000000000e+00 3.320000000000000284e+01 5.450000000000000000e+01
3.855280000000000000e+05 1.400000000000000000e+02 5.660000000000000142e+01 3.400000000000000244e-01 7.000000000000000000e+00 3.720000000000000284e+01 7.590000000000000568e+01
3.855330000000000000e+05 1.760000000000000000e+02 4.310000000000000142e+01 1.199999999999999956e-01 2.400000000000000000e+01 3.800000000000000000e+01 4.810000000000000142e+01
3.856070000000000000e+05 1.610000000000000000e+02 6.300000000000000000e+01 3.499999999999999778e-01 2.500000000000000000e+01 4.120000000000000284e+01 8.479999999999999716e+01
3.867230000000000000e+05 5.580000000000000000e+02 4.410000000000000142e+01 1.499999999999999944e-01 2.900000000000000000e+01 3.760000000000000142e+01 5.070000000000000284e+01
4.088320000000000000e+05 2.550000000000000000e+02 4.400000000000000000e+01 4.000000000000000083e-02 2.000000000000000000e+00 4.239999999999999858e+01 4.570000000000000284e+01
4.136660000000000000e+05 2.800000000000000000e+01 3.560000000000000142e+01 6.800000000000000488e-01 7.000000000000000000e+00 1.130000000000000071e+01 5.989999999999999858e+01
4.157200000000000000e+05 1.540000000000000000e+02 4.279999999999999716e+01 7.000000000000000666e-02 8.000000000000000000e+00 3.989999999999999858e+01 4.579999999999999716e+01
4.164000000000000000e+05 4.230000000000000000e+02 4.400000000000000000e+01 1.300000000000000044e-01 2.800000000000000000e+01 3.829999999999999716e+01 4.970000000000000284e+01
4.189930000000000000e+05 4.900000000000000000e+01 3.590000000000000000e+02 9.699999999999999734e-01 6.800000000000000000e+01 1.100000000000000000e+01 7.070000000000000000e+02
4.203560000000000000e+05 3.210000000000000000e+02 4.270000000000000284e+01 1.000000000000000021e-02 1.000000000000000000e+00 4.239999999999999858e+01 4.300000000000000000e+01
4.275810000000000000e+05 1.170000000000000000e+02 3.489999999999999858e+01 1.000000000000000056e-01 4.000000000000000000e+00 3.160000000000000142e+01 3.820000000000000284e+01
4.276140000000000000e+05 1.680000000000000000e+02 3.989999999999999858e+01 5.999999999999999778e-02 2.400000000000000000e+01 3.770000000000000284e+01 4.220000000000000284e+01
4.329490000000000000e+05 2.550000000000000000e+02 3.510000000000000142e+01 1.700000000000000122e-01 2.900000000000000000e+01 2.919999999999999929e+01 4.100000000000000000e+01
4.341940000000000000e+05 1.760000000000000000e+02 4.279999999999999716e+01 5.000000000000000278e-02 2.000000000000000000e+00 4.050000000000000000e+01 4.510000000000000142e+01
4.343900000000000000e+05 1.010000000000000000e+02 5.539999999999999858e+01 3.200000000000000067e-01 5.000000000000000000e+00 3.760000000000000142e+01 7.320000000000000284e+01
4.347090000000000000e+05 1.340000000000000000e+02 4.239999999999999858e+01 2.300000000000000100e-01 1.800000000000000000e+01 3.250000000000000000e+01 5.220000000000000284e+01
4.373600000000000000e+05 2.430000000000000000e+02 1.100000000000000000e+02 6.700000000000000400e-01 3.100000000000000000e+01 3.650000000000000000e+01 1.830000000000000000e+02
4.378710000000000000e+05 1.610000000000000000e+02 4.279999999999999716e+01 8.000000000000000167e-02 2.200000000000000000e+01 3.939999999999999858e+01 4.620000000000000284e+01
4.379150000000000000e+05 2.930000000000000000e+02 4.479999999999999716e+01 1.300000000000000044e-01 7.000000000000000000e+00 3.889999999999999858e+01 5.060000000000000142e+01
4.380280000000000000e+05 1.170000000000000000e+02 3.979999999999999716e+01 2.800000000000000266e-01 3.000000000000000000e+00 2.850000000000000000e+01 5.110000000000000142e+01
4.398580000000000000e+05 1.340000000000000000e+02 4.260000000000000142e+01 4.000000000000000083e-02 3.000000000000000000e+00 4.089999999999999858e+01 4.439999999999999858e+01
4.438430000000000000e+05 1.540000000000000000e+02 4.679999999999999716e+01 1.199999999999999956e-01 1.100000000000000000e+01 4.110000000000000142e+01 5.260000000000000142e+01
4.440180000000000000e+05 1.760000000000000000e+02 4.450000000000000000e+01 5.000000000000000278e-02 3.000000000000000000e+00 4.229999999999999716e+01 4.670000000000000284e+01
4.440250000000000000e+05 1.850000000000000000e+02 4.429999999999999716e+01 5.000000000000000278e-02 3.000000000000000000e+00 4.229999999999999716e+01 4.629999999999999716e+01
4.440300000000000000e+05 4.230000000000000000e+02 4.350000000000000000e+01 1.499999999999999944e-01 3.100000000000000000e+01 3.689999999999999858e+01 5.010000000000000142e+01
4.447450000000000000e+05 3.860000000000000000e+02 3.960000000000000142e+01 1.799999999999999933e-01 1.500000000000000000e+01 3.229999999999999716e+01 4.689999999999999858e+01
4.454730000000000000e+05 4.860000000000000000e+02 1.500000000000000000e+02 7.700000000000000178e-01 5.000000000000000000e+00 3.429999999999999716e+01 2.660000000000000000e+02
4.502650000000000000e+05 2.430000000000000000e+02 3.910000000000000142e+01 2.500000000000000000e-01 4.000000000000000000e+00 2.919999999999999929e+01 4.900000000000000000e+01
4.516570000000000000e+05 1.930000000000000000e+02 7.590000000000000568e+01 5.100000000000000089e-01 2.400000000000000000e+01 3.739999999999999858e+01 1.140000000000000000e+02
4.551710000000000000e+05 1.680000000000000000e+02 4.600000000000000000e+01 1.199999999999999956e-01 2.000000000000000000e+00 4.039999999999999858e+01 5.170000000000000284e+01
4.552060000000000000e+05 1.610000000000000000e+02 4.700000000000000000e+01 1.300000000000000044e-01 3.000000000000000000e+00 4.110000000000000142e+01 5.289999999999999858e+01
4.552090000000000000e+05 1.680000000000000000e+02 4.550000000000000000e+01 8.999999999999999667e-02 2.000000000000000000e+00 4.139999999999999858e+01 4.960000000000000142e+01
4.555020000000000000e+05 6.120000000000000000e+02 3.910000000000000142e+01 2.300000000000000100e-01 1.200000000000000000e+01 3.019999999999999929e+01 4.789999999999999858e+01
4.568260000000000000e+05 1.280000000000000000e+02 3.910000000000000142e+01 2.700000000000000178e-01 2.900000000000000000e+01 2.850000000000000000e+01 4.979999999999999716e+01
4.684220000000000000e+05 1.400000000000000000e+02 4.429999999999999716e+01 4.000000000000000083e-02 1.000000000000000000e+00 4.270000000000000284e+01 4.579999999999999716e+01
4.688610000000000000e+05 1.060000000000000000e+02 1.750000000000000000e+02 9.499999999999999556e-01 1.250000000000000000e+02 8.699999999999999289e+00 3.420000000000000000e+02
4.693060000000000000e+05 4.430000000000000000e+02 4.370000000000000284e+01 1.499999999999999944e-01 2.600000000000000000e+01 3.729999999999999716e+01 5.010000000000000142e+01
4.693330000000000000e+05 2.930000000000000000e+02 5.450000000000000000e+01 3.499999999999999778e-01 1.800000000000000000e+01 3.570000000000000284e+01 7.329999999999999716e+01
4.693610000000000000e+05 2.550000000000000000e+02 4.350000000000000000e+01 1.199999999999999956e-01 1.700000000000000000e+01 3.820000000000000284e+01 4.879999999999999716e+01
4.693620000000000000e+05 1.470000000000000000e+02 3.989999999999999858e+01 2.899999999999999800e-01 1.800000000000000000e+01 2.839999999999999858e+01 5.150000000000000000e+01
4.693720000000000000e+05 4.080000000000000000e+02 3.929999999999999716e+01 1.100000000000000006e-01 2.200000000000000000e+01 3.479999999999999716e+01 4.379999999999999716e+01
4.694200000000000000e+05 1.470000000000000000e+02 4.220000000000000284e+01 2.200000000000000011e-01 3.000000000000000000e+00 3.300000000000000000e+01 5.139999999999999858e+01
4.694210000000000000e+05 3.360000000000000000e+02 3.939999999999999858e+01 1.100000000000000006e-01 1.800000000000000000e+01 3.500000000000000000e+01 4.379999999999999716e+01
4.694380000000000000e+05 1.300000000000000000e+02 4.429999999999999716e+01 1.000000000000000056e-01 2.000000000000000000e+00 4.000000000000000000e+01 4.850000000000000000e+01
4.694420000000000000e+05 1.170000000000000000e+02 3.489999999999999858e+01 5.899999999999999689e-01 8.000000000000000000e+00 1.419999999999999929e+01 5.550000000000000000e+01
4.695050000000000000e+05 2.430000000000000000e+02 4.850000000000000000e+01 2.600000000000000089e-01 3.000000000000000000e+00 3.589999999999999858e+01 6.100000000000000000e+01
4.695060000000000000e+05 2.020000000000000000e+02 3.989999999999999858e+01 2.200000000000000011e-01 2.000000000000000000e+00 3.100000000000000000e+01 4.870000000000000284e+01
4.695090000000000000e+05 3.060000000000000000e+02 4.439999999999999858e+01 7.000000000000000666e-02 1.000000000000000000e+00 4.120000000000000284e+01 4.750000000000000000e+01
4.695140000000000000e+05 1.880000000000000000e+02 4.429999999999999716e+01 7.000000000000000666e-02 2.000000000000000000e+00 4.139999999999999858e+01 4.729999999999999716e+01
4.695840000000000000e+05 1.930000000000000000e+02 4.220000000000000284e+01 1.499999999999999944e-01 2.000000000000000000e+00 3.570000000000000284e+01 4.860000000000000142e+01
4.696100000000000000e+05 2.430000000000000000e+02 4.360000000000000142e+01 2.999999999999999889e-02 2.000000000000000000e+00 4.210000000000000142e+01 4.510000000000000142e+01
4.696150000000000000e+05 4.000000000000000000e+02 4.060000000000000142e+01 5.999999999999999778e-02 2.600000000000000000e+01 3.820000000000000284e+01 4.289999999999999858e+01
4.697040000000000000e+05 2.020000000000000000e+02 3.970000000000000284e+01 1.600000000000000033e-01 2.000000000000000000e+00 3.350000000000000000e+01 4.600000000000000000e+01
4.697050000000000000e+05 1.380000000000000000e+02 4.420000000000000284e+01 8.999999999999999667e-02 3.000000000000000000e+00 4.000000000000000000e+01 4.839999999999999858e+01
4.697070000000000000e+05 1.760000000000000000e+02 3.979999999999999716e+01 2.399999999999999911e-01 1.500000000000000000e+01 3.019999999999999929e+01 4.939999999999999858e+01
4.697080000000000000e+05 1.540000000000000000e+02 3.970000000000000284e+01 3.300000000000000155e-01 1.800000000000000000e+01 2.660000000000000142e+01 5.279999999999999716e+01
4.697500000000000000e+05 2.550000000000000000e+02 1.710000000000000000e+02 8.299999999999999600e-01 6.000000000000000000e+00 2.930000000000000071e+01 3.130000000000000000e+02
4.699870000000000000e+05 2.160000000000000000e+02 3.979999999999999716e+01 2.999999999999999889e-01 1.200000000000000000e+01 2.769999999999999929e+01 5.189999999999999858e+01
4.700270000000000000e+05 2.930000000000000000e+02 4.179999999999999716e+01 1.400000000000000133e-01 1.700000000000000000e+01 3.600000000000000000e+01 4.760000000000000142e+01
4.700830000000000000e+05 1.400000000000000000e+02 4.750000000000000000e+01 3.699999999999999956e-01 1.400000000000000000e+01 3.010000000000000142e+01 6.479999999999999716e+01
4.703080000000000000e+05 5.580000000000000000e+02 3.970000000000000284e+01 2.000000000000000042e-02 1.800000000000000000e+01 3.879999999999999716e+01 4.060000000000000142e+01
4.703090000000000000e+05 1.760000000000000000e+02 4.670000000000000284e+01 5.000000000000000000e-01 4.500000000000000000e+01 2.360000000000000142e+01 6.979999999999999716e+01
4.703160000000000000e+05 3.090000000000000000e+02 4.979999999999999716e+01 2.899999999999999800e-01 2.200000000000000000e+01 3.550000000000000000e+01 6.409999999999999432e+01
4.704430000000000000e+05 5.840000000000000000e+02 4.579999999999999716e+01 7.000000000000000666e-02 2.300000000000000000e+01 4.270000000000000284e+01 4.879999999999999716e+01
4.705230000000000000e+05 2.800000000000000000e+02 4.239999999999999858e+01 1.600000000000000033e-01 1.600000000000000000e+01 3.560000000000000142e+01 4.920000000000000284e+01
4.705930000000000000e+05 2.550000000000000000e+02 9.159999999999999432e+01 6.700000000000000400e-01 1.400000000000000000e+01 2.989999999999999858e+01 1.530000000000000000e+02
4.705960000000000000e+05 3.680000000000000000e+02 4.520000000000000284e+01 1.900000000000000022e-01 2.300000000000000000e+01 3.660000000000000142e+01 5.389999999999999858e+01
4.705990000000000000e+05 5.090000000000000000e+02 6.700000000000000000e+01 4.199999999999999845e-01 1.300000000000000000e+01 3.860000000000000142e+01 9.540000000000000568e+01
4.711370000000000000e+05 4.230000000000000000e+02 6.279999999999999716e+01 3.699999999999999956e-01 3.100000000000000000e+01 3.960000000000000142e+01 8.590000000000000568e+01
4.711430000000000000e+05 4.700000000000000000e+02 7.059999999999999432e+01 5.400000000000000355e-01 2.900000000000000000e+01 3.260000000000000142e+01 1.090000000000000000e+02
4.711500000000000000e+05 3.210000000000000000e+02 3.910000000000000142e+01 5.000000000000000278e-02 4.000000000000000000e+01 3.710000000000000142e+01 4.120000000000000284e+01
4.711510000000000000e+05 2.550000000000000000e+02 5.610000000000000142e+01 4.299999999999999933e-01 1.100000000000000000e+01 3.189999999999999858e+01 8.020000000000000284e+01
4.711520000000000000e+05 2.220000000000000000e+02 5.439999999999999858e+01 3.800000000000000044e-01 1.200000000000000000e+01 3.370000000000000284e+01 7.509999999999999432e+01
4.711550000000000000e+05 1.680000000000000000e+02 3.360000000000000142e+01 3.400000000000000244e-01 1.200000000000000000e+01 2.210000000000000142e+01 4.510000000000000142e+01
4.711650000000000000e+05 4.230000000000000000e+02 3.920000000000000284e+01 1.799999999999999933e-01 1.600000000000000000e+01 3.210000000000000142e+01 4.639999999999999858e+01
4.711720000000000000e+05 2.930000000000000000e+02 5.600000000000000000e+01 4.400000000000000022e-01 3.000000000000000000e+00 3.150000000000000000e+01 8.050000000000000000e+01
4.711960000000000000e+05 3.860000000000000000e+02 4.079999999999999716e+01 1.000000000000000021e-02 1.400000000000000000e+01 4.060000000000000142e+01 4.100000000000000000e+01
4.712100000000000000e+05 3.860000000000000000e+02 5.029999999999999716e+01 2.700000000000000178e-01 2.800000000000000000e+01 3.660000000000000142e+01 6.400000000000000000e+01
4.712720000000000000e+05 8.400000000000000000e+01 5.939999999999999858e+01 7.399999999999999911e-01 3.800000000000000000e+01 1.519999999999999929e+01 1.040000000000000000e+02
4.712880000000000000e+05 4.230000000000000000e+02 4.389999999999999858e+01 2.999999999999999889e-02 1.300000000000000000e+01 4.270000000000000284e+01 4.510000000000000142e+01
4.713180000000000000e+05 4.040000000000000000e+02 4.170000000000000284e+01 1.300000000000000044e-01 2.800000000000000000e+01 3.620000000000000284e+01 4.720000000000000284e+01
4.713250000000000000e+05 1.610000000000000000e+02 3.560000000000000142e+01 3.300000000000000155e-01 1.100000000000000000e+02 2.380000000000000071e+01 4.729999999999999716e+01
4.719210000000000000e+05 4.040000000000000000e+02 4.610000000000000142e+01 8.000000000000000167e-02 1.600000000000000000e+01 4.239999999999999858e+01 4.989999999999999858e+01
4.719540000000000000e+05 3.680000000000000000e+02 4.329999999999999716e+01 1.300000000000000044e-01 2.800000000000000000e+01 3.750000000000000000e+01 4.910000000000000142e+01
4.722310000000000000e+05 3.520000000000000000e+02 4.389999999999999858e+01 8.999999999999999667e-02 3.000000000000000000e+00 4.000000000000000000e+01 4.779999999999999716e+01
4.722320000000000000e+05 3.060000000000000000e+02 4.329999999999999716e+01 5.999999999999999778e-02 1.400000000000000000e+01 4.060000000000000142e+01 4.589999999999999858e+01
4.722350000000000000e+05 2.320000000000000000e+02 5.620000000000000284e+01 4.199999999999999845e-01 1.000000000000000000e+00 3.270000000000000284e+01 7.959999999999999432e+01
4.722620000000000000e+05 2.120000000000000000e+02 4.589999999999999858e+01 2.800000000000000266e-01 2.100000000000000000e+01 3.310000000000000142e+01 5.870000000000000284e+01
4.722710000000000000e+05 5.090000000000000000e+02 4.279999999999999716e+01 1.600000000000000033e-01 1.700000000000000000e+01 3.620000000000000284e+01 4.950000000000000000e+01
4.746400000000000000e+05 2.220000000000000000e+02 3.150000000000000000e+02 8.499999999999999778e-01 2.600000000000000000e+01 4.729999999999999716e+01 5.840000000000000000e+02
4.800170000000000000e+05 2.550000000000000000e+02 6.590000000000000568e+01 4.500000000000000111e-01 7.000000000000000000e+00 3.660000000000000142e+01 9.529999999999999716e+01
4.828240000000000000e+05 5.840000000000000000e+02 4.239999999999999858e+01 2.300000000000000100e-01 1.900000000000000000e+01 3.260000000000000142e+01 5.210000000000000142e+01
4.830020000000000000e+05 3.680000000000000000e+02 4.679999999999999716e+01 8.000000000000000167e-02 3.800000000000000000e+01 4.300000000000000000e+01 5.060000000000000142e+01
4.869580000000000000e+05 3.100000000000000000e+01 4.450000000000000000e+01 4.000000000000000083e-02 3.000000000000000000e+00 4.270000000000000284e+01 4.620000000000000284e+01
4.875810000000000000e+05 3.520000000000000000e+02 4.789999999999999858e+01 5.999999999999999778e-02 2.500000000000000000e+01 4.479999999999999716e+01 5.089999999999999858e+01
4.886440000000000000e+05 1.170000000000000000e+02 4.289999999999999858e+01 4.000000000000000083e-02 3.000000000000000000e+00 4.120000000000000284e+01 4.470000000000000284e+01
4.917670000000000000e+05 1.280000000000000000e+02 3.929999999999999716e+01 7.000000000000000666e-02 3.000000000000000000e+01 3.639999999999999858e+01 4.220000000000000284e+01
4.917680000000000000e+05 1.470000000000000000e+02 4.579999999999999716e+01 1.100000000000000006e-01 1.600000000000000000e+01 4.079999999999999716e+01 5.089999999999999858e+01
4.934800000000000000e+05 3.860000000000000000e+02 4.039999999999999858e+01 2.000000000000000042e-02 1.700000000000000000e+01 3.950000000000000000e+01 4.129999999999999716e+01
4.951890000000000000e+05 2.120000000000000000e+02 4.750000000000000000e+01 1.700000000000000122e-01 1.900000000000000000e+01 3.939999999999999858e+01 5.550000000000000000e+01
4.951900000000000000e+05 1.680000000000000000e+02 5.470000000000000284e+01 3.099999999999999978e-01 2.700000000000000000e+01 3.800000000000000000e+01 7.140000000000000568e+01
4.952970000000000000e+05 2.220000000000000000e+02 5.289999999999999858e+01 3.200000000000000067e-01 5.000000000000000000e+00 3.620000000000000284e+01 6.959999999999999432e+01
4.956030000000000000e+05 4.860000000000000000e+02 5.539999999999999858e+01 2.500000000000000000e-01 2.700000000000000000e+01 4.139999999999999858e+01 6.940000000000000568e+01
4.956130000000000000e+05 4.040000000000000000e+02 4.239999999999999858e+01 1.300000000000000044e-01 3.600000000000000000e+01 3.689999999999999858e+01 4.789999999999999858e+01
4.963150000000000000e+05 2.120000000000000000e+02 1.550000000000000000e+02 7.399999999999999911e-01 3.400000000000000000e+01 4.110000000000000142e+01 2.690000000000000000e+02
4.995140000000000000e+05 5.330000000000000000e+02 4.220000000000000284e+01 1.300000000000000044e-01 2.600000000000000000e+01 3.670000000000000284e+01 4.760000000000000142e+01
5.008280000000000000e+05 1.220000000000000000e+02 4.400000000000000000e+01 8.000000000000000167e-02 2.000000000000000000e+00 4.029999999999999716e+01 4.770000000000000284e+01
5.008290000000000000e+05 1.470000000000000000e+02 4.260000000000000142e+01 1.499999999999999944e-01 1.200000000000000000e+01 3.629999999999999716e+01 4.889999999999999858e+01
5.008300000000000000e+05 1.170000000000000000e+02 4.450000000000000000e+01 1.700000000000000122e-01 8.000000000000000000e+00 3.679999999999999716e+01 5.220000000000000284e+01
5.008310000000000000e+05 1.010000000000000000e+02 4.139999999999999858e+01 4.000000000000000083e-02 7.000000000000000000e+00 3.989999999999999858e+01 4.289999999999999858e+01
5.008320000000000000e+05 1.010000000000000000e+02 8.870000000000000284e+01 6.199999999999999956e-01 1.800000000000000000e+01 3.389999999999999858e+01 1.430000000000000000e+02
5.008330000000000000e+05 9.700000000000000000e+01 3.970000000000000284e+01 1.100000000000000006e-01 7.000000000000000000e+00 3.529999999999999716e+01 4.410000000000000142e+01
5.008340000000000000e+05 1.610000000000000000e+02 3.939999999999999858e+01 1.700000000000000122e-01 1.000000000000000000e+01 3.260000000000000142e+01 4.620000000000000284e+01
5.008350000000000000e+05 1.760000000000000000e+02 4.439999999999999858e+01 7.000000000000000666e-02 3.000000000000000000e+00 4.129999999999999716e+01 4.760000000000000142e+01
5.008360000000000000e+05 1.470000000000000000e+02 4.610000000000000142e+01 1.400000000000000133e-01 3.000000000000000000e+00 3.979999999999999716e+01 5.229999999999999716e+01
5.008370000000000000e+05 1.470000000000000000e+02 4.489999999999999858e+01 1.100000000000000006e-01 2.000000000000000000e+00 4.020000000000000284e+01 4.970000000000000284e+01
5.008380000000000000e+05 1.930000000000000000e+02 4.410000000000000142e+01 8.000000000000000167e-02 3.000000000000000000e+00 4.060000000000000142e+01 4.760000000000000142e+01
5.008390000000000000e+05 1.280000000000000000e+02 4.320000000000000284e+01 7.000000000000000666e-02 5.000000000000000000e+00 4.020000000000000284e+01 4.620000000000000284e+01
5.008400000000000000e+05 1.220000000000000000e+02 4.410000000000000142e+01 5.000000000000000278e-02 4.000000000000000000e+00 4.179999999999999716e+01 4.650000000000000000e+01
5.008560000000000000e+05 1.340000000000000000e+02 4.439999999999999858e+01 1.000000000000000021e-02 4.000000000000000000e+00 4.379999999999999716e+01 4.489999999999999858e+01
5.008760000000000000e+05 1.110000000000000000e+02 7.309999999999999432e+01 4.199999999999999845e-01 5.000000000000000000e+01 4.260000000000000142e+01 1.040000000000000000e+02
5.008770000000000000e+05 1.010000000000000000e+02 4.829999999999999716e+01 2.899999999999999800e-01 8.000000000000000000e+00 3.420000000000000284e+01 6.239999999999999858e+01
5.008780000000000000e+05 1.280000000000000000e+02 4.200000000000000000e+01 1.000000000000000056e-01 1.800000000000000000e+01 3.770000000000000284e+01 4.629999999999999716e+01
5.008790000000000000e+05 3.060000000000000000e+02 5.979999999999999716e+01 3.900000000000000133e-01 1.400000000000000000e+01 3.670000000000000284e+01 8.279999999999999716e+01
5.008800000000000000e+05 1.470000000000000000e+02 4.820000000000000284e+01 8.999999999999999667e-02 8.000000000000000000e+00 4.400000000000000000e+01 5.229999999999999716e+01
5.008810000000000000e+05 1.010000000000000000e+02 4.270000000000000284e+01 5.000000000000000278e-02 7.000000000000000000e+00 4.039999999999999858e+01 4.500000000000000000e+01
5.008820000000000000e+05 9.700000000000000000e+01 5.370000000000000284e+01 2.999999999999999889e-01 8.000000000000000000e+00 3.779999999999999716e+01 6.950000000000000000e+01
5.008830000000000000e+05 1.470000000000000000e+02 3.960000000000000142e+01 2.500000000000000000e-01 2.000000000000000000e+01 2.960000000000000142e+01 4.970000000000000284e+01
5.008840000000000000e+05 5.300000000000000000e+01 3.979999999999999716e+01 2.600000000000000089e-01 2.000000000000000000e+01 2.930000000000000071e+01 5.029999999999999716e+01
5.008850000000000000e+05 7.000000000000000000e+01 3.960000000000000142e+01 2.300000000000000100e-01 7.000000000000000000e+00 3.039999999999999858e+01 4.889999999999999858e+01
5.008860000000000000e+05 1.470000000000000000e+02 4.100000000000000000e+01 1.000000000000000021e-02 2.000000000000000000e+01 4.070000000000000284e+01 4.120000000000000284e+01
5.008870000000000000e+05 1.010000000000000000e+02 4.279999999999999716e+01 8.999999999999999667e-02 1.000000000000000000e+01 3.910000000000000142e+01 4.639999999999999858e+01
5.008880000000000000e+05 1.110000000000000000e+02 4.160000000000000142e+01 7.000000000000000666e-02 1.200000000000000000e+01 3.879999999999999716e+01 4.439999999999999858e+01
5.011050000000000000e+05 1.680000000000000000e+02 4.160000000000000142e+01 7.000000000000000666e-02 4.100000000000000000e+01 3.870000000000000284e+01 4.460000000000000142e+01
5.015460000000000000e+05 3.520000000000000000e+02 4.300000000000000000e+01 2.700000000000000178e-01 1.900000000000000000e+01 3.130000000000000071e+01 5.470000000000000284e+01
5.015810000000000000e+05 2.670000000000000000e+02 4.650000000000000000e+01 2.500000000000000000e-01 2.100000000000000000e+01 3.500000000000000000e+01 5.789999999999999858e+01
5.038580000000000000e+05 7.700000000000000000e+01 3.970000000000000284e+01 2.899999999999999800e-01 1.200000000000000000e+01 2.819999999999999929e+01 5.120000000000000284e+01
5.038830000000000000e+05 1.220000000000000000e+02 4.200000000000000000e+01 2.500000000000000000e-01 3.000000000000000000e+00 3.160000000000000142e+01 5.250000000000000000e+01
5.045550000000000000e+05 2.550000000000000000e+02 3.920000000000000284e+01 2.399999999999999911e-01 1.900000000000000000e+01 2.980000000000000071e+01 4.870000000000000284e+01
5.048470000000000000e+05 2.430000000000000000e+02 4.579999999999999716e+01 1.400000000000000133e-01 7.000000000000000000e+00 3.920000000000000284e+01 5.239999999999999858e+01
5.054120000000000000e+05 2.020000000000000000e+02 3.979999999999999716e+01 2.999999999999999889e-02 2.100000000000000000e+01 3.870000000000000284e+01 4.089999999999999858e+01
5.054460000000000000e+05 1.540000000000000000e+02 4.360000000000000142e+01 5.999999999999999778e-02 1.000000000000000000e+00 4.110000000000000142e+01 4.620000000000000284e+01
5.054470000000000000e+05 2.320000000000000000e+02 4.400000000000000000e+01 1.000000000000000056e-01 4.000000000000000000e+00 3.979999999999999716e+01 4.829999999999999716e+01
5.054480000000000000e+05 2.670000000000000000e+02 4.610000000000000142e+01 1.700000000000000122e-01 9.000000000000000000e+00 3.839999999999999858e+01 5.379999999999999716e+01
5.054760000000000000e+05 2.120000000000000000e+02 4.560000000000000142e+01 1.000000000000000056e-01 2.000000000000000000e+00 4.120000000000000284e+01 5.000000000000000000e+01
5.054770000000000000e+05 1.850000000000000000e+02 4.489999999999999858e+01 8.000000000000000167e-02 2.000000000000000000e+00 4.150000000000000000e+01 4.829999999999999716e+01
5.054780000000000000e+05 2.550000000000000000e+02 1.960000000000000000e+02 7.800000000000000266e-01 1.100000000000000000e+01 4.389999999999999858e+01 3.480000000000000000e+02
5.056240000000000000e+05 3.360000000000000000e+02 4.379999999999999716e+01 1.799999999999999933e-01 2.400000000000000000e+01 3.620000000000000284e+01 5.150000000000000000e+01
5.056790000000000000e+05 3.210000000000000000e+02 4.739999999999999858e+01 7.000000000000000666e-02 1.200000000000000000e+01 4.389999999999999858e+01 5.079999999999999716e+01
5.061210000000000000e+05 2.550000000000000000e+02 4.350000000000000000e+01 8.000000000000000167e-02 4.000000000000000000e+00 4.020000000000000284e+01 4.689999999999999858e+01
5.064390000000000000e+05 2.020000000000000000e+02 3.860000000000000142e+01 2.999999999999999889e-02 4.000000000000000000e+00 3.739999999999999858e+01 3.970000000000000284e+01
5.064790000000000000e+05 1.470000000000000000e+02 1.660000000000000000e+02 7.700000000000000178e-01 1.600000000000000000e+01 3.810000000000000142e+01 2.940000000000000000e+02
5.083380000000000000e+05 2.220000000000000000e+02 1.620000000000000000e+02 8.000000000000000444e-01 2.300000000000000000e+01 3.320000000000000284e+01 2.910000000000000000e+02
5.087700000000000000e+05 1.680000000000000000e+02 4.629999999999999716e+01 1.300000000000000044e-01 2.000000000000000000e+00 4.039999999999999858e+01 5.229999999999999716e+01
5.087880000000000000e+05 8.200000000000000000e+01 4.629999999999999716e+01 1.100000000000000006e-01 3.000000000000000000e+00 4.120000000000000284e+01 5.129999999999999716e+01
5.087920000000000000e+05 1.060000000000000000e+02 4.389999999999999858e+01 1.400000000000000133e-01 5.000000000000000000e+00 3.789999999999999858e+01 4.989999999999999858e+01
5.088230000000000000e+05 2.120000000000000000e+02 3.920000000000000284e+01 2.999999999999999889e-01 1.900000000000000000e+01 2.750000000000000000e+01 5.100000000000000000e+01
5.088690000000000000e+05 2.510000000000000000e+02 4.229999999999999716e+01 2.999999999999999889e-02 1.000000000000000000e+00 4.079999999999999716e+01 4.370000000000000284e+01
5.115510000000000000e+05 2.020000000000000000e+02 4.320000000000000284e+01 1.300000000000000044e-01 4.000000000000000000e+00 3.750000000000000000e+01 4.889999999999999858e+01
5.115520000000000000e+05 2.670000000000000000e+02 4.350000000000000000e+01 7.000000000000000666e-02 5.000000000000000000e+00 4.050000000000000000e+01 4.660000000000000142e+01
5.115530000000000000e+05 1.400000000000000000e+02 4.329999999999999716e+01 1.199999999999999956e-01 1.100000000000000000e+01 3.800000000000000000e+01 4.860000000000000142e+01
5.115540000000000000e+05 1.470000000000000000e+02 4.610000000000000142e+01 2.000000000000000111e-01 8.000000000000000000e+00 3.710000000000000142e+01 5.510000000000000142e+01
5.115550000000000000e+05 1.470000000000000000e+02 4.429999999999999716e+01 1.000000000000000056e-01 1.800000000000000000e+01 4.010000000000000142e+01 4.850000000000000000e+01
5.143120000000000000e+05 1.060000000000000000e+02 3.100000000000000000e+01 4.699999999999999734e-01 1.000000000000000000e+01 1.650000000000000000e+01 4.550000000000000000e+01
5.169770000000000000e+05 7.400000000000000000e+01 4.620000000000000284e+01 1.900000000000000022e-01 5.000000000000000000e+00 3.720000000000000284e+01 5.510000000000000142e+01
5.177170000000000000e+05 4.600000000000000000e+01 4.620000000000000284e+01 8.199999999999999512e-01 8.600000000000000000e+01 8.400000000000000355e+00 8.390000000000000568e+01
5.235880000000000000e+05 3.360000000000000000e+02 4.470000000000000284e+01 8.999999999999999667e-02 3.000000000000000000e+00 4.050000000000000000e+01 4.879999999999999716e+01
5.235910000000000000e+05 2.330000000000000000e+02 4.260000000000000142e+01 5.999999999999999778e-02 5.000000000000000000e+00 4.010000000000000142e+01 4.520000000000000284e+01
5.236010000000000000e+05 3.680000000000000000e+02 4.700000000000000000e+01 2.099999999999999922e-01 2.100000000000000000e+01 3.720000000000000284e+01 5.679999999999999716e+01
5.236150000000000000e+05 1.400000000000000000e+02 4.360000000000000142e+01 4.000000000000000083e-02 2.000000000000000000e+00 4.200000000000000000e+01 4.520000000000000284e+01
5.236170000000000000e+05 3.360000000000000000e+02 4.739999999999999858e+01 2.000000000000000111e-01 2.000000000000000000e+01 3.820000000000000284e+01 5.670000000000000284e+01
5.236180000000000000e+05 1.930000000000000000e+02 3.920000000000000284e+01 2.300000000000000100e-01 1.300000000000000000e+01 3.030000000000000071e+01 4.810000000000000142e+01
5.236220000000000000e+05 2.220000000000000000e+02 4.690000000000000000e+02 9.200000000000000400e-01 1.900000000000000000e+01 3.560000000000000142e+01 9.020000000000000000e+02
5.236240000000000000e+05 3.060000000000000000e+02 5.300000000000000000e+01 3.499999999999999778e-01 3.900000000000000000e+01 3.470000000000000284e+01 7.140000000000000568e+01
5.236270000000000000e+05 2.800000000000000000e+02 4.160000000000000142e+01 8.999999999999999667e-02 2.600000000000000000e+01 3.779999999999999716e+01 4.550000000000000000e+01
5.236290000000000000e+05 2.930000000000000000e+02 4.079999999999999716e+01 1.199999999999999956e-01 2.000000000000000000e+01 3.610000000000000142e+01 4.560000000000000142e+01
5.236340000000000000e+05 3.060000000000000000e+02 4.060000000000000142e+01 5.000000000000000278e-02 1.800000000000000000e+01 3.860000000000000142e+01 4.250000000000000000e+01
5.236350000000000000e+05 4.860000000000000000e+02 5.550000000000000000e+01 1.900000000000000022e-01 4.100000000000000000e+01 4.510000000000000142e+01 6.590000000000000568e+01
5.236390000000000000e+05 5.840000000000000000e+02 6.540000000000000568e+01 4.500000000000000111e-01 1.400000000000000000e+01 3.629999999999999716e+01 9.450000000000000000e+01
5.236400000000000000e+05 4.040000000000000000e+02 4.670000000000000284e+01 1.199999999999999956e-01 1.700000000000000000e+01 4.120000000000000284e+01 5.220000000000000284e+01
5.236420000000000000e+05 2.930000000000000000e+02 4.510000000000000142e+01 2.099999999999999922e-01 3.500000000000000000e+01 3.539999999999999858e+01 5.479999999999999716e+01
5.236430000000000000e+05 3.210000000000000000e+02 3.879999999999999716e+01 4.600000000000000200e-01 2.300000000000000000e+01 2.100000000000000000e+01 5.660000000000000142e+01
5.236440000000000000e+05 2.320000000000000000e+02 3.929999999999999716e+01 2.800000000000000266e-01 2.200000000000000000e+01 2.819999999999999929e+01 5.029999999999999716e+01
5.236450000000000000e+05 4.430000000000000000e+02 4.300000000000000000e+01 1.199999999999999956e-01 2.900000000000000000e+01 3.800000000000000000e+01 4.810000000000000142e+01
5.236460000000000000e+05 2.930000000000000000e+02 3.629999999999999716e+01 4.000000000000000083e-02 6.000000000000000000e+00 3.479999999999999716e+01 3.779999999999999716e+01
5.236470000000000000e+05 2.670000000000000000e+02 4.389999999999999858e+01 1.499999999999999944e-01 2.500000000000000000e+01 3.720000000000000284e+01 5.070000000000000284e+01
5.236520000000000000e+05 1.680000000000000000e+02 6.270000000000000284e+01 5.600000000000000533e-01 1.400000000000000000e+01 2.789999999999999858e+01 9.759999999999999432e+01
5.236530000000000000e+05 4.230000000000000000e+02 4.100000000000000000e+01 1.499999999999999944e-01 2.300000000000000000e+01 3.510000000000000142e+01 4.700000000000000000e+01
5.236550000000000000e+05 2.930000000000000000e+02 3.950000000000000000e+01 1.900000000000000022e-01 1.000000000000000000e+01 3.200000000000000000e+01 4.710000000000000142e+01
5.236580000000000000e+05 2.800000000000000000e+02 4.139999999999999858e+01 4.000000000000000083e-02 1.900000000000000000e+01 3.970000000000000284e+01 4.300000000000000000e+01
5.236590000000000000e+05 3.680000000000000000e+02 4.339999999999999858e+01 8.999999999999999667e-02 1.100000000000000000e+01 3.939999999999999858e+01 4.739999999999999858e+01
5.236710000000000000e+05 5.840000000000000000e+02 4.829999999999999716e+01 2.200000000000000011e-01 1.400000000000000000e+01 3.770000000000000284e+01 5.889999999999999858e+01
5.236720000000000000e+05 1.060000000000000000e+02 3.529999999999999716e+01 4.500000000000000111e-01 2.200000000000000000e+01 1.960000000000000142e+01 5.110000000000000142e+01
5.236740000000000000e+05 3.360000000000000000e+02 4.160000000000000142e+01 5.999999999999999778e-02 2.300000000000000000e+01 3.889999999999999858e+01 4.420000000000000284e+01
5.236750000000000000e+05 3.360000000000000000e+02 5.000000000000000000e+01 2.300000000000000100e-01 2.000000000000000000e+00 3.850000000000000000e+01 6.160000000000000142e+01
5.236770000000000000e+05 2.550000000000000000e+02 4.210000000000000142e+01 1.600000000000000033e-01 1.200000000000000000e+01 3.529999999999999716e+01 4.879999999999999716e+01
5.236780000000000000e+05 3.860000000000000000e+02 4.589999999999999858e+01 1.000000000000000021e-02 4.000000000000000000e+00 4.529999999999999716e+01 4.650000000000000000e+01
5.236800000000000000e+05 3.360000000000000000e+02 7.240000000000000568e+01 4.400000000000000022e-01 3.400000000000000000e+01 4.089999999999999858e+01 1.040000000000000000e+02
5.236810000000000000e+05 5.090000000000000000e+02 4.589999999999999858e+01 1.499999999999999944e-01 1.600000000000000000e+01 3.920000000000000284e+01 5.260000000000000142e+01
5.236830000000000000e+05 2.670000000000000000e+02 5.250000000000000000e+01 2.700000000000000178e-01 2.900000000000000000e+01 3.810000000000000142e+01 6.690000000000000568e+01
5.236840000000000000e+05 3.210000000000000000e+02 4.629999999999999716e+01 1.600000000000000033e-01 9.000000000000000000e+00 3.879999999999999716e+01 5.379999999999999716e+01
5.236870000000000000e+05 3.520000000000000000e+02 4.289999999999999858e+01 5.000000000000000278e-02 2.400000000000000000e+01 4.089999999999999858e+01 4.489999999999999858e+01
5.236880000000000000e+05 3.520000000000000000e+02 4.260000000000000142e+01 1.600000000000000033e-01 1.100000000000000000e+01 3.579999999999999716e+01 4.929999999999999716e+01
5.236890000000000000e+05 2.550000000000000000e+02 4.729999999999999716e+01 2.200000000000000011e-01 9.000000000000000000e+00 3.670000000000000284e+01 5.789999999999999858e+01
5.236900000000000000e+05 3.860000000000000000e+02 4.739999999999999858e+01 7.000000000000000666e-02 7.000000000000000000e+00 4.400000000000000000e+01 5.070000000000000284e+01
5.236910000000000000e+05 3.210000000000000000e+02 4.760000000000000142e+01 1.000000000000000056e-01 4.000000000000000000e+00 4.270000000000000284e+01 5.260000000000000142e+01
5.236920000000000000e+05 7.700000000000000000e+02 5.250000000000000000e+01 2.300000000000000100e-01 1.000000000000000000e+01 4.070000000000000284e+01 6.429999999999999716e+01
5.236930000000000000e+05 4.430000000000000000e+02 4.379999999999999716e+01 1.400000000000000133e-01 2.800000000000000000e+01 3.770000000000000284e+01 4.989999999999999858e+01
5.236950000000000000e+05 2.320000000000000000e+02 3.360000000000000142e+01 1.000000000000000056e-01 1.500000000000000000e+01 3.039999999999999858e+01 3.689999999999999858e+01
5.236960000000000000e+05 3.520000000000000000e+02 4.150000000000000000e+01 8.999999999999999667e-02 2.200000000000000000e+01 3.800000000000000000e+01 4.510000000000000142e+01
5.236970000000000000e+05 1.930000000000000000e+02 3.970000000000000284e+01 2.999999999999999889e-01 1.600000000000000000e+01 2.789999999999999858e+01 5.150000000000000000e+01
5.236980000000000000e+05 2.120000000000000000e+02 9.070000000000000284e+01 6.199999999999999956e-01 5.000000000000000000e+00 3.460000000000000142e+01 1.470000000000000000e+02
5.236990000000000000e+05 2.670000000000000000e+02 6.029999999999999716e+01 3.800000000000000044e-01 2.700000000000000000e+01 3.720000000000000284e+01 8.340000000000000568e+01
5.237000000000000000e+05 1.680000000000000000e+02 3.989999999999999858e+01 3.900000000000000133e-01 5.400000000000000000e+01 2.419999999999999929e+01 5.560000000000000142e+01
5.237010000000000000e+05 1.540000000000000000e+02 3.970000000000000284e+01 2.500000000000000000e-01 1.400000000000000000e+01 2.980000000000000071e+01 4.950000000000000000e+01
5.237020000000000000e+05 2.800000000000000000e+02 4.670000000000000284e+01 1.900000000000000022e-01 1.500000000000000000e+01 3.800000000000000000e+01 5.529999999999999716e+01
5.237030000000000000e+05 1.680000000000000000e+02 4.000000000000000000e+01 2.300000000000000100e-01 1.500000000000000000e+01 3.060000000000000142e+01 4.929999999999999716e+01
5.237040000000000000e+05 1.400000000000000000e+02 3.979999999999999716e+01 2.500000000000000000e-01 9.000000000000000000e+00 2.989999999999999858e+01 4.970000000000000284e+01
5.237050000000000000e+05 2.220000000000000000e+02 5.300000000000000000e+01 3.599999999999999867e-01 9.000000000000000000e+00 3.400000000000000000e+01 7.200000000000000000e+01
5.237060000000000000e+05 2.930000000000000000e+02 6.170000000000000284e+01 4.299999999999999933e-01 1.000000000000000000e+01 3.550000000000000000e+01 8.790000000000000568e+01
5.237100000000000000e+05 7.000000000000000000e+01 3.389999999999999858e+01 4.500000000000000111e-01 1.400000000000000000e+01 1.880000000000000071e+01 4.889999999999999858e+01
5.237110000000000000e+05 1.850000000000000000e+02 4.350000000000000000e+01 2.200000000000000011e-01 4.700000000000000000e+01 3.400000000000000000e+01 5.300000000000000000e+01
5.237120000000000000e+05 3.060000000000000000e+02 4.829999999999999716e+01 1.700000000000000122e-01 1.500000000000000000e+01 4.000000000000000000e+01 5.660000000000000142e+01
5.237130000000000000e+05 2.550000000000000000e+02 5.620000000000000284e+01 3.599999999999999867e-01 2.900000000000000000e+01 3.579999999999999716e+01 7.659999999999999432e+01
5.237150000000000000e+05 2.550000000000000000e+02 3.989999999999999858e+01 1.400000000000000133e-01 6.000000000000000000e+00 3.420000000000000284e+01 4.560000000000000142e+01
5.237160000000000000e+05 2.800000000000000000e+02 4.089999999999999858e+01 8.999999999999999667e-02 1.900000000000000000e+01 3.729999999999999716e+01 4.439999999999999858e+01
5.237170000000000000e+05 2.320000000000000000e+02 3.970000000000000284e+01 2.000000000000000111e-01 1.000000000000000000e+01 3.160000000000000142e+01 4.779999999999999716e+01
5.237180000000000000e+05 2.320000000000000000e+02 1.260000000000000000e+02 7.299999999999999822e-01 1.900000000000000000e+01 3.360000000000000142e+01 2.190000000000000000e+02
5.237190000000000000e+05 4.600000000000000000e+01 2.710000000000000000e+02 9.399999999999999467e-01 8.500000000000000000e+01 1.680000000000000071e+01 5.240000000000000000e+02
5.237200000000000000e+05 9.700000000000000000e+01 3.629999999999999716e+01 5.500000000000000444e-01 9.000000000000000000e+00 1.630000000000000071e+01 5.629999999999999716e+01
5.237210000000000000e+05 3.860000000000000000e+02 4.400000000000000000e+01 5.999999999999999778e-02 2.000000000000000000e+00 4.160000000000000142e+01 4.650000000000000000e+01
5.237220000000000000e+05 3.210000000000000000e+02 6.920000000000000284e+01 5.000000000000000000e-01 1.100000000000000000e+01 3.429999999999999716e+01 1.040000000000000000e+02
5.237230000000000000e+05 3.060000000000000000e+02 4.039999999999999858e+01 5.999999999999999778e-02 1.800000000000000000e+01 3.820000000000000284e+01 4.260000000000000142e+01
5.237240000000000000e+05 4.040000000000000000e+02 4.350000000000000000e+01 8.999999999999999667e-02 4.000000000000000000e+00 3.979999999999999716e+01 4.729999999999999716e+01
5.237250000000000000e+05 2.550000000000000000e+02 4.520000000000000284e+01 1.300000000000000044e-01 8.000000000000000000e+00 3.939999999999999858e+01 5.100000000000000000e+01
5.237260000000000000e+05 2.550000000000000000e+02 1.220000000000000000e+02 6.899999999999999467e-01 1.600000000000000000e+01 3.770000000000000284e+01 2.050000000000000000e+02
5.237300000000000000e+05 2.670000000000000000e+02 4.600000000000000000e+01 1.600000000000000033e-01 1.000000000000000000e+01 3.839999999999999858e+01 5.350000000000000000e+01
5.237310000000000000e+05 2.550000000000000000e+02 4.210000000000000142e+01 1.600000000000000033e-01 4.000000000000000000e+00 3.539999999999999858e+01 4.879999999999999716e+01
5.237330000000000000e+05 3.500000000000000000e+01 6.920000000000000284e+01 7.900000000000000355e-01 8.000000000000000000e+00 1.440000000000000036e+01 1.240000000000000000e+02
5.237340000000000000e+05 8.100000000000000000e+01 3.150000000000000000e+01 4.000000000000000222e-01 2.700000000000000000e+01 1.880000000000000071e+01 4.420000000000000284e+01
5.237350000000000000e+05 3.520000000000000000e+02 3.839999999999999858e+01 4.000000000000000083e-02 2.600000000000000000e+01 3.689999999999999858e+01 3.989999999999999858e+01
5.237360000000000000e+05 3.520000000000000000e+02 4.300000000000000000e+01 1.799999999999999933e-01 2.700000000000000000e+01 3.529999999999999716e+01 5.070000000000000284e+01
5.237380000000000000e+05 3.680000000000000000e+02 4.300000000000000000e+01 1.499999999999999944e-01 1.700000000000000000e+01 3.639999999999999858e+01 4.960000000000000142e+01
5.237390000000000000e+05 2.400000000000000000e+01 3.829999999999999716e+01 7.600000000000000089e-01 8.600000000000000000e+01 9.400000000000000355e+00 6.720000000000000284e+01
5.237410000000000000e+05 2.120000000000000000e+02 4.079999999999999716e+01 2.000000000000000111e-01 1.900000000000000000e+01 3.260000000000000142e+01 4.910000000000000142e+01
5.237420000000000000e+05 4.860000000000000000e+02 4.360000000000000142e+01 2.600000000000000089e-01 1.500000000000000000e+01 3.250000000000000000e+01 5.470000000000000284e+01
5.237430000000000000e+05 2.800000000000000000e+02 4.210000000000000142e+01 1.000000000000000056e-01 9.000000000000000000e+00 3.770000000000000284e+01 4.639999999999999858e+01
5.237440000000000000e+05 3.060000000000000000e+02 4.400000000000000000e+01 5.999999999999999778e-02 1.000000000000000000e+00 4.129999999999999716e+01 4.679999999999999716e+01
5.237450000000000000e+05 3.680000000000000000e+02 4.300000000000000000e+01 1.000000000000000021e-02 2.000000000000000000e+00 4.260000000000000142e+01 4.339999999999999858e+01
5.237480000000000000e+05 2.800000000000000000e+02 4.060000000000000142e+01 8.999999999999999667e-02 1.800000000000000000e+01 3.710000000000000142e+01 4.410000000000000142e+01
5.237490000000000000e+05 3.520000000000000000e+02 5.010000000000000142e+01 2.200000000000000011e-01 1.100000000000000000e+01 3.920000000000000284e+01 6.100000000000000000e+01
5.237500000000000000e+05 4.430000000000000000e+02 4.650000000000000000e+01 1.199999999999999956e-01 1.100000000000000000e+01 4.110000000000000142e+01 5.189999999999999858e+01
5.237510000000000000e+05 1.680000000000000000e+02 3.929999999999999716e+01 2.200000000000000011e-01 1.500000000000000000e+01 3.060000000000000142e+01 4.810000000000000142e+01
5.237520000000000000e+05 4.230000000000000000e+02 4.060000000000000142e+01 5.000000000000000278e-02 2.900000000000000000e+01 3.860000000000000142e+01 4.250000000000000000e+01
5.237530000000000000e+05 5.600000000000000000e+01 5.450000000000000000e+01 7.099999999999999645e-01 2.100000000000000000e+01 1.559999999999999964e+01 9.329999999999999716e+01
5.237550000000000000e+05 1.220000000000000000e+02 7.820000000000000284e+01 6.999999999999999556e-01 2.400000000000000000e+01 2.350000000000000000e+01 1.330000000000000000e+02
5.237560000000000000e+05 2.800000000000000000e+02 4.360000000000000142e+01 5.000000000000000278e-02 1.000000000000000000e+00 4.160000000000000142e+01 4.560000000000000142e+01
5.237570000000000000e+05 4.040000000000000000e+02 4.410000000000000142e+01 1.799999999999999933e-01 1.800000000000000000e+01 3.629999999999999716e+01 5.179999999999999716e+01
5.237580000000000000e+05 3.360000000000000000e+02 4.300000000000000000e+01 1.400000000000000133e-01 2.100000000000000000e+01 3.679999999999999716e+01 4.920000000000000284e+01
5.237590000000000000e+05 5.840000000000000000e+02 5.079999999999999716e+01 2.099999999999999922e-01 1.500000000000000000e+01 4.010000000000000142e+01 6.150000000000000000e+01
5.237600000000000000e+05 3.210000000000000000e+02 3.929999999999999716e+01 1.499999999999999944e-01 1.000000000000000000e+01 3.360000000000000142e+01 4.489999999999999858e+01
5.237610000000000000e+05 2.930000000000000000e+02 4.139999999999999858e+01 7.000000000000000666e-02 2.000000000000000000e+01 3.839999999999999858e+01 4.439999999999999858e+01
5.237620000000000000e+05 2.550000000000000000e+02 4.279999999999999716e+01 1.499999999999999944e-01 1.200000000000000000e+01 3.650000000000000000e+01 4.900000000000000000e+01
5.237630000000000000e+05 3.520000000000000000e+02 4.029999999999999716e+01 8.999999999999999667e-02 1.600000000000000000e+01 3.650000000000000000e+01 4.400000000000000000e+01
5.237640000000000000e+05 1.610000000000000000e+02 3.929999999999999716e+01 2.500000000000000000e-01 2.000000000000000000e+01 2.950000000000000000e+01 4.920000000000000284e+01
5.237650000000000000e+05 2.800000000000000000e+02 5.800000000000000000e+01 3.400000000000000244e-01 1.900000000000000000e+01 3.829999999999999716e+01 7.779999999999999716e+01
5.237660000000000000e+05 1.760000000000000000e+02 3.920000000000000284e+01 2.200000000000000011e-01 2.600000000000000000e+01 3.060000000000000142e+01 4.789999999999999858e+01
5.237670000000000000e+05 2.120000000000000000e+02 7.709999999999999432e+01 5.799999999999999600e-01 1.900000000000000000e+01 3.270000000000000284e+01 1.210000000000000000e+02
5.237680000000000000e+05 3.360000000000000000e+02 3.950000000000000000e+01 1.600000000000000033e-01 2.300000000000000000e+01 3.339999999999999858e+01 4.570000000000000284e+01
5.237690000000000000e+05 3.360000000000000000e+02 5.520000000000000284e+01 3.699999999999999956e-01 9.000000000000000000e+00 3.460000000000000142e+01 7.570000000000000284e+01
5.237700000000000000e+05 1.110000000000000000e+02 5.939999999999999858e+01 7.299999999999999822e-01 2.700000000000000000e+01 1.619999999999999929e+01 1.030000000000000000e+02
5.237710000000000000e+05 1.680000000000000000e+02 1.050000000000000000e+02 7.399999999999999911e-01 1.200000000000000000e+01 2.780000000000000071e+01 1.820000000000000000e+02
5.237720000000000000e+05 4.040000000000000000e+02 4.310000000000000142e+01 1.400000000000000133e-01 2.500000000000000000e+01 3.689999999999999858e+01 4.929999999999999716e+01
5.237730000000000000e+05 3.680000000000000000e+02 4.239999999999999858e+01 1.700000000000000122e-01 2.800000000000000000e+01 3.539999999999999858e+01 4.939999999999999858e+01
5.237740000000000000e+05 2.670000000000000000e+02 6.100000000000000000e+01 4.299999999999999933e-01 3.600000000000000000e+01 3.500000000000000000e+01 8.700000000000000000e+01
5.237760000000000000e+05 2.670000000000000000e+02 4.160000000000000142e+01 1.000000000000000056e-01 2.900000000000000000e+01 3.760000000000000142e+01 4.550000000000000000e+01
5.237770000000000000e+05 3.680000000000000000e+02 8.040000000000000568e+01 5.600000000000000533e-01 1.800000000000000000e+01 3.570000000000000284e+01 1.250000000000000000e+02
5.237780000000000000e+05 2.930000000000000000e+02 1.210000000000000000e+02 6.800000000000000488e-01 3.000000000000000000e+01 3.900000000000000000e+01 2.020000000000000000e+02
5.237800000000000000e+05 4.040000000000000000e+02 4.210000000000000142e+01 1.400000000000000133e-01 1.800000000000000000e+01 3.610000000000000142e+01 4.810000000000000142e+01
5.237870000000000000e+05 1.220000000000000000e+02 5.670000000000000284e+01 6.099999999999999867e-01 2.900000000000000000e+01 2.210000000000000142e+01 9.140000000000000568e+01
5.237890000000000000e+05 2.550000000000000000e+02 4.220000000000000284e+01 1.000000000000000056e-01 2.800000000000000000e+01 3.810000000000000142e+01 4.629999999999999716e+01
5.237930000000000000e+05 2.800000000000000000e+02 4.050000000000000000e+01 8.999999999999999667e-02 3.000000000000000000e+01 3.710000000000000142e+01 4.400000000000000000e+01
5.237940000000000000e+05 7.700000000000000000e+02 8.129999999999999716e+01 5.799999999999999600e-01 8.000000000000000000e+00 3.379999999999999716e+01 1.290000000000000000e+02
5.237970000000000000e+05 2.300000000000000000e+01 7.350000000000000000e+01 8.599999999999999867e-01 1.440000000000000000e+02 1.050000000000000000e+01 1.360000000000000000e+02
5.237980000000000000e+05 2.500000000000000000e+01 7.379999999999999716e+01 8.599999999999999867e-01 7.200000000000000000e+01 1.050000000000000000e+01 1.370000000000000000e+02
5.238000000000000000e+05 4.000000000000000000e+01 5.310000000000000142e+01 7.900000000000000355e-01 1.620000000000000000e+02 1.100000000000000000e+01 9.520000000000000284e+01
